tin.asc
NCOLS 250
NROWS 250
XLLCORNER 2.0
YLLCORNER 3.0
CELLSIZE 1.0
NODATA_VALUE -9999
[rows 40 to 59 of 186, columns 90 to 134 of 250]
101.63053755813954 101.96525569767441 102.29997383720931 102.6346919767442 102.96941011627908 103.30412825581396 103.63884639534884 104.01658735294119 104.41894023809525 104.66460833333335 104.91027642857144 105.1476009090909 105.35989454545455 105.57218818181818 105.77060461538463 105.95514384615385 106.13968307692309 106.32422230769231 106.50876153846156 106.69330076923077 106.87784 106.86811625000001 106.85839250000001 106.84866875 106.77619782608696 106.45897805555556 106.07586212962963 105.6927462037037 105.35028249999999 105.07557249999999 104.8008625 104.5261525 104.2514425 103.9767325 103.68657692307693 103.10295538461538 102.58640314814815 102.15033407407407 101.71426500000001 101.05538583333333 100.39650666666667 99.7376275 99.07874833333332 98.41986916666666 97.76098999999999
102.36198848837208 102.69670662790699 103.03142476744185 103.36614290697675 103.70086104651163 104.03557918604652 104.3702973255814 104.70501546511628 105.04693611111111 105.27869818181817 105.47711461538461 105.66165384615385 105.84619307692309 106.03073230769232 106.21527153846154 106.39981076923078 106.58435 106.76888923076922 106.95342846153846 107.1379676923077 107.32250692307693 107.37753749999999 107.36781375000001 107.35809 107.23855869565217 106.89498046296298 106.51186453703704 106.1287486111111 105.74563268518519 105.3760675 105.1013575 104.82664749999999 104.5519375 104.27722749999998 104.0025175 103.43434153846152 102.85072 102.41465092592594 101.97858185185186 101.33684192307692 100.67796275641027 100.01908358974359 99.36020442307692 98.70132525641026 97.98038916666665
103.09343941860465 103.42815755813953 103.76287569767442 104.09759383720929 104.43231197674419 104.76703011627907 105.10174825581396 105.45799392592593 105.62852566666666 105.75715555555556 105.92178153846154 106.10632076923076 106.29086 106.47539923076923 106.65993846153846 106.84447769230769 107.02901692307692 107.21355615384616 107.39809538461539 107.58263461538462 107.76717384615384 107.88695874999999 107.877235 107.8204508695652 107.70091956521739 107.33098287037038 106.94786694444446 106.56475101851852 106.18163509259259 105.79851916666667 105.41540324074074 105.12714249999999 104.85243249999999 104.5777225 104.3030125 103.76572769230769 103.18210615384615 102.67896777777779 102.2428987037037 101.61829801282053 100.95941884615385 100.30053967948719 99.64166051282052 98.9320075 98.17180183486238
103.82489034883723 104.1596084883721 104.49432662790699 104.82904476744186 105.17354814814816 105.53566496296297 105.89778177777778 106.12910422222221 106.30361385714288 106.409377 106.51514014285715 106.63462333333332 106.79526666666666 106.95591 107.11655333333333 107.28914461538461 107.47368384615385 107.65822307692306 107.84276230769231 108.02730153846156 108.21184076923076 108.39638 108.38665625 108.28281173913044 108.1501012037037 107.76698527777778 107.38386935185184 107.00075342592592 106.6176375 106.23452157407408 105.85140564814816 105.46828972222222 105.1529275 104.8782175 104.6035075 104.09711384615385 103.51349230769232 102.94328462962964 102.50721555555558 101.8997541025641 101.24087493589744 100.58199576923076 99.88362583333334 99.09543366972477 98.20928876146789
104.55634127906978 104.89105941860466 105.25121918518519 105.61333599999999 105.97545281481482 106.33756962962963 106.60159066666668 106.78386522222222 106.97362025000001 107.08446519047618 107.19022833333332 107.29599147619048 107.40175461904764 107.5120911111111 107.67273444444444 107.83337777777777 107.9940211111111 108.15466444444444 108.31530777777778 108.47595111111112 108.6565076923077 108.8410469230769 108.86470391304348 108.74517260869564 108.5861036111111 108.20298768518518 107.81987175925924 107.43675583333334 107.0536399074074 106.67052398148148 106.28740805555555 105.90429212962962 105.5211762037037 105.17871249999999 104.90400249999999 104.4285 103.84487846153846 103.26125692307693 102.7715324074074 102.18121019230769 101.52233102564102 100.83524416666668 100.01906550458716 99.13292059633028 98.24677568807338
105.32889022222221 105.69100703703704 106.05312385185186 106.41524066666668 106.77735748148149 107.07407711111111 107.25635166666666 107.43862622222223 107.62838125 107.75955338095238 107.86531652380953 107.97107966666667 108.07684280952381 108.18260595238095 108.2883690952381 108.39413223809524 108.55020222222223 108.71084555555555 108.87148888888889 109.03213222222223 109.19277555555556 109.35341888888888 109.32706478260869 109.20753347826086 109.02210601851853 108.63899009259259 108.25587416666666 107.87275824074075 107.4896423148148 107.10652638888888 106.72341046296296 106.34029453703702 105.95717861111112 105.57406268518518 105.2044975 104.75988615384614 104.17626461538461 103.5926430769231 103.03584925925925 102.46266628205129 101.78686250000001 100.94269733944954 100.05655243119267 99.17040752293578 98.2842626146789
106.1307948888889 106.4929117037037 106.85502851851851 107.21714533333333 107.54656355555557 107.72883811111112 107.91111266666667 108.09338722222222 108.28314225 108.43464157142857 108.54040471428571 108.64616785714284 108.75193099999998 108.85769414285714 108.96345728571428 109.06922042857144 109.17498357142858 109.2807467142857 109.42767 109.58831333333333 109.74895666666666 109.9096 109.78963999999999 109.66989434782609 109.45810842592591 109.0749925 108.69187657407407 108.30876064814814 107.92564472222222 107.5425287962963 107.15941287037037 106.77629694444445 106.39642024390244 106.02626121951218 105.61670613636362 105.05425155172414 104.49531051724138 103.92402923076924 103.34040769230769 102.73848083333334 101.86632917431194 100.98018426605505 100.09403935779817 99.20789444954127 98.3217495412844
106.93269955555554 107.29481637037037 107.65693318518518 108.01905 108.20132455555556 108.38359911111112 108.56587366666668 108.74814822222221 108.93790325 109.10972976190476 109.21549290476192 109.32125604761906 109.42701919047619 109.53278233333332 109.63854547619047 109.74430861904762 109.85007176190476 109.9558349047619 110.06159804761904 110.16736119047619 110.30513777777777 110.37224666666667 110.25228666666666 110.13232666666667 109.89411083333331 109.51099490740741 109.12787898148147 108.7544807317073 108.38432170731707 108.01416268292682 107.64400365853658 107.27384463414634 106.90368560975611 106.41533840909091 105.84819909090908 105.28691568965517 104.7279746551724 104.16903362068966 103.6100925862069 102.7899610091743 101.90381610091745 101.01767119266054 100.13152628440368 99.2453813761468 98.3592364678899
107.73460422222223 108.09672103703704 108.45883785185185 108.673811 108.85608555555555 109.0383601111111 109.22063466666665 109.40290922222222 109.59266424999998 109.78481795238095 109.89058109523809 109.99634423809525 110.10210738095239 110.20787052380953 110.31363366666668 110.41939680952382 110.52515995238095 110.63092309523809 110.73668623809525 110.82640071428571 110.88401785714287 110.7611246511628 110.57044333333334 110.45048333333334 110.33052333333333 110.00206414634145 109.63190512195122 109.26174609756097 108.89158707317073 108.52142804878048 108.15126902439025 107.78111 107.21397068181818 106.64683136363635 106.07969204545452 105.5195798275862 104.96063879310346 104.40169775862068 103.70666625000001 102.82760104545454 101.94130302752293 101.05515811926607 100.16901321100917 99.28286830275229 98.39672339449541
108.53650888888889 108.89862570370371 109.14629744444444 109.32857200000001 109.51084655555555 109.69312111111111 109.87539566666666 110.05767022222221 110.24742524999999 110.44466075 110.56566928571428 110.67143242857144 110.77719557142856 110.88295871428572 110.98872185714285 111.09448499999999 111.15210214285713 111.20971928571427 111.26733642857143 111.32495357142857 111.3825707142857 111.18231593023258 110.95627395348838 110.73023197674421 110.50419 110.38423 110.13917048780489 109.76901146341463 109.3988524390244 109.02869341463415 108.57974227272727 108.01260295454546 107.44546363636364 106.87832431818181 106.311185 105.75224396551724 105.1933029310345 104.52851375 103.7516265909091 102.86526295454546 101.97889931818182 101.09264504587156 100.20650013761468 99.3203552293578 98.43421032110093
109.33841355555556 109.61878388888888 109.80105844444444 109.98333299999999 110.16560755555555 110.34788211111112 110.53015666666666 110.71243122222221 110.90218625 111.09942175 111.24075747619047 111.34652061904761 111.42018642857143 111.47780357142857 111.5354207142857 111.59303785714286 111.650655 111.70827214285714 111.76588928571428 111.82350642857142 111.8295491860465 111.60350720930232 111.37746523255814 111.15142325581395 110.92538127906977 110.69933930232557 110.4732973255814 110.27627682926828 109.90611780487805 109.37837454545453 108.81123522727273 108.2440959090909 107.67695659090909 107.10981727272726 106.54384913793103 105.98490810344828 105.35036125 104.60996625000001 103.78928850000001 102.90292486363637 102.01656122727275 101.13019759090909 100.24398706422019 99.35784215596331 98.47169724770643
110.09127033333333 110.27354488888889 110.45581944444444 110.638094 110.82036855555556 111.0026431111111 111.18491766666666 111.36719222222222 111.55694725 111.70487833333333 111.803505 111.86112214285714 111.91873928571428 111.97635642857144 112.03397357142856 112.09159071428572 112.14920785714287 112.20682500000001 112.26444214285713 112.32205928571429 112.25074046511628 112.02469848837208 111.79865651162791 111.57261453488373 111.34657255813953 111.12053058139537 110.89448860465117 110.6464825 110.18338407894737 109.60986750000001 109.04272818181819 108.47558886363635 107.90844954545454 107.34131022727273 106.77651327586204 106.17220875 105.43181375 104.69141875 103.82695040909093 102.94058677272727 102.05422313636365 101.1678595 100.28149586363637 99.39532908256881 98.50918417431193
110.74603133333332 110.92830588888889 111.11058044444444 111.292855 111.46616207865168 111.63946915730338 111.81277623595504 111.98608331460673 112.07908130841122 112.16242166666666 112.26104833333333 112.359675 112.41729214285715 112.47490928571428 112.53252642857143 112.59014357142857 112.64776071428574 112.70537785714285 112.76299499999999 112.82061214285714 112.67193174418605 112.44588976744186 112.21984779069768 111.99380581395349 111.7677638372093 111.54172186046512 111.24978750000001 110.8480325 110.43400881578947 109.8604922368421 109.28697565789474 108.71345907894737 108.13994249999999 107.57280318181819 106.99405625 106.25366125 105.51326625 104.75097595454545 103.86461231818183 102.97824868181819 102.09188504545455 101.20552140909092 100.31915777272728 99.4328160091743 98.54667110091744
111.34698747191011 111.5202945505618 111.69360162921348 111.86690870786516 112.04021578651685 112.21352286516854 112.3868299438202 112.56013702247189 112.63853336448597 112.66582392523364 112.71859166666665 112.81721833333332 112.91584499999999 112.97346214285713 113.03107928571427 113.08869642857141 113.14631357142856 113.20393071428572 113.26154785714286 113.319165 113.09312302325581 112.86708104651163 112.64103906976743 112.41499709302326 112.18895511627906 111.85309250000002 111.4513375 111.04958249999999 110.64782749999999 110.1111169736842 109.53760039473684 108.96408381578948 108.39056723684209 107.81705065789473 107.07550875 106.33511375 105.59471875 104.78863786363637 103.90227422727273 103.01591059090909 102.12954695454546 101.24318331818182 100.35681968181818 99.47045604545454 98.58415802752293
111.92104117977527 112.09434825842696 112.26765533707865 112.44096241573033 112.61426949438201 112.7875765730337 112.96088365168538 113.13419073033707 113.19798542056073 113.2252759813084 113.25256654205606 113.27985710280373 113.37338833333332 113.472015 113.52963214285714 113.58724928571428 113.64486642857142 113.70248357142856 113.76010071428571 113.74035627906977 113.51431430232559 113.2882723255814 113.06223034883722 112.83618837209302 112.45639750000001 112.0546425 111.6528875 111.2511325 110.8493775 110.3617417105263 109.78822513157894 109.21470855263158 108.6411919736842 107.93165384615385 107.16382076923077 106.41656625 105.67617125000001 104.82629977272727 103.93993613636364 103.0535725 102.16720886363638 101.28084522727272 100.3944815909091 99.50811795454545 98.62175431818183
112.54353738095239 112.66840196629212 112.84170904494381 113.0150161235955 113.18832320224718 113.36163028089888 113.53493735955055 113.70824443820224 113.7574374766355 113.78472803738316 113.81201859813082 113.83930915887848 113.86659971962615 113.92955833333333 114.028185 114.08580214285715 114.14341928571429 114.20103642857143 114.25865357142857 114.16154755813952 113.93550558139535 113.70946360465118 113.4614575 113.05970249999999 112.6579475 112.2561925 111.8544375 111.45268250000001 111.0509275 110.61236644736842 110.03884986842105 109.46533328947368 108.79465846153846 108.02682538461538 107.25899230769231 106.49801875 105.75032531818181 104.86396168181818 103.97759804545456 103.0912344090909 102.20487077272728 101.31850713636365 100.4321435 99.54577986363637 98.65941622727274
113.17721261904762 113.28344547619047 113.415762752809 113.58906983146068 113.76237691011237 113.93568398876404 114.10899106741573 114.2822981460674 114.31688953271026 114.34418009345794 114.3714706542056 114.39876121495328 114.42605177570093 114.4533423364486 114.48572833333333 114.58435499999999 114.64197214285714 114.69958928571428 114.75720642857142 114.5827388372093 114.35669686046512 114.06476249999999 113.66300749999999 113.2612525 112.8594975 112.4577425 112.0559875 111.6542325 111.2524775 110.85072249999999 110.28947460526315 109.65766307692309 108.88982999999999 108.12199692307692 107.35416384615384 106.58633076923076 105.78798722727272 104.90162359090908 104.01525995454544 103.12889631818182 102.24253268181819 101.35616904545454 100.46980540909091 99.58344177272727 98.69707813636363
113.81088785714286 113.91712071428572 114.02335357142857 114.16312353932585 114.33643061797753 114.50973769662922 114.68304477528089 114.84905102803737 114.87634158878505 114.90363214953271 114.93092271028036 114.95821327102803 114.9855038317757 115.01279439252336 115.04008495327102 115.06737551401869 115.140525 115.19814214285715 115.22997209302325 115.00393011627907 114.66806749999999 114.2663125 113.86455749999999 113.4628025 113.0610475 112.6592925 112.25753749999998 111.8557825 111.45402749999998 111.0522725 110.52066769230768 109.7528346153846 108.98500153846153 108.23480884615384 107.50225653846152 106.71085824675325 105.80945251798562 104.92256201438848 104.03567151079137 103.14878100719424 102.26189050359713 101.375 100.48863636363637 99.60227272727272 98.7159090909091
114.4445630952381 114.55079595238095 114.65702880952381 114.76326166666666 114.91048432584269 115.08379140449439 115.25709848314607 115.40850308411214 115.43579364485981 115.46308420560746 115.49037476635513 115.51766532710279 115.54495588785046 115.57224644859812 115.5995370093458 115.62682757009347 115.65411813084111 115.69669499999999 115.65116337209302 115.2713725 114.86961749999999 114.4678625 114.0661075 113.66435249999998 113.27073156249999 112.88524468749999 112.4997578125 112.1142709375 111.72878406249998 111.31934772727271 110.73932192307693 110.00676961538463 109.27421730769231 108.541665 107.63257474025974 106.72348448051947 105.81524805755394 104.92835755395684 104.04146705035971 103.1545765467626 102.26768604316547 101.38079553956834 100.49390503597124 99.60701453237411 98.72012402877698
115.07823833333333 115.18447119047619 115.29070404761904 115.3969369047619 115.50316976190477 115.65784511235955 115.83115219101124 115.96795514018692 115.99524570093459 116.02253626168223 116.0498268224299 116.07711738317757 116.10440794392522 116.1316985046729 116.15898906542057 116.18627962616821 116.20964392857142 116.22515571428572 115.9804203125 115.5949334375 115.2094465625 114.8239596875 114.4384728125 114.0529859375 113.6674990625 113.28201218749999 112.89652531249997 112.51103843749999 112.05370318181816 111.52451954545455 110.9953359090909 110.31362576923078 109.46338149350649 108.55429123376624 107.64520097402598 106.73611071428572 105.82702045454545 104.93415309352518 104.04726258992807 103.16037208633094 102.27348158273381 101.38659107913669 100.49970057553956 99.61281007194245 98.72591956834532
