tin.asc
NCOLS 250
NROWS 250
XLLCORNER 2.0
YLLCORNER 3.0
CELLSIZE 1.0
NODATA_VALUE -9999
[rows 60 to 79 of 186, columns 0 to 44 of 250]
-9999 -9999 93.85930059101653 93.19413855791962 92.5289765248227 92.43405597457627 94.00963301470588 93.69454772058825 93.40982524590164 93.2161912295082 93.02255721311475 92.8289231967213 92.633623630137 92.42166856164383 92.20971349315069 92.03544809278351 92.02450458762888 92.01356108247424 92.0026175773196 91.99167407216495 91.98073056701031 91.96978706185567 91.95884355670104 91.9479000515464 91.84981682352941 91.71438800000001 91.58272119047619 91.47237246031746 91.68179503164558 91.92140683544304 92.16101863924052 92.39789881818183 92.6340960909091 92.87029336363638 93.10649063636365 93.3426879090909 93.70409764705883 94.23568858823529 94.76727952941177 95.29887047058824 95.8304614117647 96.36205235294118 96.89364329411765 97.42523423529411 97.95682517647057
-9999 -9999 94.24537510638298 93.58021307328606 92.91505104018913 93.13946572033896 94.63458904411763 94.31950375 94.022636147541 93.82900213114755 93.63536811475412 93.44173409836067 93.23810678082192 93.02615171232877 92.81419664383561 92.60224157534248 92.55360840206185 92.54266489690723 92.53172139175258 92.52077788659793 92.5098343814433 92.49889087628866 92.48794737113403 92.4770038659794 92.46606036082476 92.4551168556701 92.44417335051547 92.32244706349208 92.43534227848102 92.67290536363637 92.90910263636363 93.14529990909091 93.38149718181819 93.61769445454544 93.85389172727272 94.09008899999999 94.52947282352942 95.06106376470589 95.59265470588235 96.12424564705881 96.6558365882353 97.18742752941176 97.71901847058824 98.25060941176471 98.78220035294117
-9999 -9999 94.6314496217494 93.96628758865248 93.30112555555556 93.84487546610168 95.25954507352941 94.94445977941177 94.63544704918033 94.44181303278688 94.24817901639344 94.054545 93.84258993150685 93.63063486301371 93.41867979452054 93.20672472602739 93.08271221649485 93.07176871134021 93.06082520618557 93.04988170103093 93.03893819587628 93.02799469072166 93.01705118556703 93.00610768041237 92.99516417525773 92.9842206701031 92.99927336065574 93.06631844262294 93.18410918181817 93.42030645454545 93.65650372727274 93.892701 94.12889827272727 94.36509554545454 94.60129281818182 94.88911928571429 95.354848 95.88643894117646 96.41802988235295 96.94962082352941 97.48121176470588 98.01280270588236 98.54439364705883 99.07598458823529 99.60757552941176
-9999 -9999 95.01752413711583 94.35236210401891 93.68720007092197 94.5502852118644 95.88450110294117 95.56941580882354 95.25433051470588 95.05462393442622 94.86098991803279 94.65902815068495 94.44707308219179 94.23511801369864 94.02316294520548 93.81120787671233 93.61181603092783 93.6008725257732 93.58992902061857 93.57898551546393 93.56804201030928 93.55709850515464 93.546155 93.61320008196721 93.68024516393443 93.74729024590164 93.81433532786886 93.88138040983607 93.94842549180328 94.16770754545455 94.40390481818183 94.6401020909091 94.87629936363638 95.11249663636363 95.34869390909091 95.68814957142857 96.18022317647059 96.71181411764707 97.24340505882353 97.774996 98.30658694117648 98.83817788235294 99.36976882352941 99.90135976470589 100.43295070588236
-9999 -9999 95.40359865248227 94.73843661938535 94.0732745862884 95.25569495762713 96.50945713235294 96.19437183823528 95.87928654411765 95.66743483606558 95.47380081967215 95.26351130136987 95.05155623287672 94.83960116438357 94.62764609589041 94.41569102739726 94.20373595890412 94.1299763402062 94.11903283505154 94.16008172131149 94.2271268032787 94.29417188524592 94.36121696721312 94.42826204918035 94.49530713114756 94.56235221311476 94.62939729508199 94.69644237704918 94.7634874590164 94.91510863636364 95.1513059090909 95.38750318181818 95.62370045454546 95.85989772727272 96.09609499999999 96.48717985714286 97.00559835294118 97.53718929411765 98.06878023529413 98.60037117647059 99.13196211764706 99.66355305882354 100.195144 100.72673494117649 101.25832588235295
-9999 96.45483520094564 95.78967316784869 95.12451113475176 94.45934910165484 95.96110470338982 97.13441316176468 96.81932786764708 96.50424257352941 96.28024573770492 96.07994952054796 95.8679944520548 95.65603938356165 95.44408431506851 95.23212924657534 95.0201741780822 94.83583602272729 94.80605372180453 94.90809860655739 94.97514368852458 95.0421887704918 95.10923385245901 95.17627893442622 95.24332401639344 95.31036909836065 95.37741418032786 95.44445926229508 95.51150434426229 95.5785494262295 95.66250972727273 95.898707 96.13490427272728 96.37110154545454 96.60729881818182 96.89512528571427 97.29938258823529 97.83097352941176 98.36256447058824 98.8941554117647 99.42574635294118 99.95733729411765 100.48892823529413 101.02051917647059 101.55211011764708 102.08370105882352
-9999 96.84090971631204 96.17574768321512 95.5105856501182 95.05071055084746 96.66651444915254 97.75936919117648 97.44428389705882 97.12919860294117 96.89305663934427 96.68443267123288 96.47247760273973 96.26052253424658 96.06513761363637 95.88632284090909 95.70750806818184 95.52869329545456 95.49767764462811 95.61816116541354 95.74645590225565 95.85725073770492 95.92429581967212 95.99134090163935 96.05838598360656 96.12543106557376 96.19247614754099 96.25952122950821 96.3265663114754 96.39361139344263 96.46065647540985 96.64610809090908 96.88230536363636 97.11850263636364 97.35469990909091 97.69415557142857 98.12475776470589 98.65634870588235 99.18793964705883 99.7195305882353 100.25112152941176 100.78271247058824 101.31430341176471 101.84589435294117 102.37748529411765 102.90907623529412
-9999 97.22698423167849 96.56182219858157 95.89666016548463 95.75612029661016 97.37192419491525 98.38432522058822 98.06923992647059 97.75415463235295 97.50087089041097 97.29443920454545 97.11562443181819 96.93680965909091 96.75799488636365 96.57918011363637 96.4003653409091 96.22155056818183 96.19053491735538 96.30731838842976 96.43026860902256 96.55856334586466 96.68685808270678 96.80640286885247 96.87344795081968 96.94049303278689 97.0075381147541 97.0745831967213 97.14162827868853 97.20867336065574 97.27571844262295 97.39350918181819 97.62970645454546 97.86590372727272 98.10210099999999 98.49318585714286 98.95013294117648 99.48172388235295 100.01331482352941 100.54490576470589 101.07649670588236 101.60808764705882 102.13967858823528 102.67126952941177 103.17479715648855 103.65026146946565
-9999 97.61305874704493 96.94789671394798 96.28273468085105 96.46153004237289 98.07733394067796 99.00928124999999 98.69419595588235 98.37911066176473 98.16611125 97.98729647727272 97.80848170454546 97.62966693181819 97.45085215909091 97.27203738636365 97.09322261363637 96.9144078409091 96.88339219008265 97.00017566115702 97.1169591322314 97.24237605263158 97.37067078947369 97.4989655263158 97.6272602631579 97.755555 97.82260008196722 97.88964516393443 97.95669024590164 98.02373532786885 98.09078040983607 98.15782549180328 98.37710754545455 98.61330481818182 98.90113128571429 99.29221614285714 99.77550811764706 100.30709905882354 100.83869000000001 101.37028094117646 101.90187188235295 102.43346282352941 102.95740013358781 103.43286444656488 103.90832875954199 104.3837930725191
-9999 97.99913326241133 97.33397122931441 96.6688091962175 97.1669397881356 98.78274368644068 99.63423727941178 99.31915198529413 99.05258727272727 98.85420059829059 98.68015374999999 98.50133897727274 98.32252420454546 98.14370943181818 97.9648946590909 97.78607988636365 97.60726511363637 97.57624946280993 97.6930329338843 97.80981640495868 97.92659987603307 98.05448349624061 98.1827782330827 98.31107296992482 98.43936770676692 98.56766244360902 98.69595718045113 98.77175221311475 98.83879729508197 98.90584237704918 98.97288745901639 99.12450863636363 99.36070590909091 99.70016157142857 100.09124642857144 100.60088329411766 101.13247423529413 101.66406517647059 102.19565611764706 102.72724705882354 103.21546742366411 103.69093173664123 104.16639604961833 104.64186036259542 105.11732467557253
-9999 98.38520777777778 97.72004574468086 97.05488371158393 97.8723495338983 99.48815343220339 100.25919330882353 99.97322036363636 99.735768 99.5318005128205 99.37301102272727 99.19419625 99.01538147727273 98.83656670454546 98.6577519318182 98.47893715909092 98.30012238636365 98.2691067355372 98.38589020661159 98.50267367768595 98.61945714876035 98.73829620300752 98.86659093984963 98.99488567669172 99.12318041353383 99.25147515037594 99.37976988721805 99.50806462406015 99.63635936090225 99.7209043442623 99.78794942622952 99.87190972727271 100.108107 100.49919185714285 100.89466752941176 101.42625847058824 101.95784941176471 102.48944035294117 102.99807040076337 103.47353471374046 103.94899902671756 104.42446333969465 104.89992765267176 105.37539196564886 105.85085627862594
-9999 98.7712822931442 98.10612026004728 97.44095822695034 98.57775927966101 100.1935631779661 100.89385345454545 100.65640109090909 100.41894872727275 100.20940042735043 100.06586829545455 99.88705352272727 99.70823875 99.52942397727273 99.35060920454546 99.17179443181818 98.9929796590909 98.96196400826446 99.07874747933884 99.19553095041321 99.3123144214876 99.42909789256198 99.55040364661653 99.67869838345864 99.80699312030076 99.93528785714285 100.06358259398496 100.19187733082707 100.32017206766918 100.44846680451127 100.57676154135338 100.67005647540985 100.90713728571428 101.29822214285714 101.72004270588235 102.25163364705884 102.78067337786261 103.2561376908397 103.73160200381679 104.2070663167939 104.682530629771 105.15799494274809 105.6334592557252 106.10892356870228 106.58438788167939
-9999 99.15735680851064 98.4921947754137 97.82703274231679 99.28316902542372 100.8989729237288 101.57703418181816 101.33958181818181 101.10212945454546 100.88700034188034 100.7444217948718 100.57991079545455 100.40109602272727 100.22228125000001 100.04346647727272 99.86465170454545 99.68583693181819 99.65482128099174 99.77160475206611 99.88838822314051 100.00517169421488 100.12195516528926 100.23873863636364 100.36251109022557 100.49080582706767 100.61910056390977 100.74739530075189 100.87569003759398 101.00398477443609 101.13227951127818 101.26057424812029 101.38886898496241 101.71296305555555 102.09725242857142 102.54541788235296 103.03874066793895 103.51420498091603 103.98966929389313 104.46513360687024 104.94059791984732 105.41606223282443 105.89152654580153 106.36699085877864 106.84245517175573 107.31791948473283
-9999 99.54343132387707 98.87826929078014 98.37277487288135 99.98857877118644 101.60438266949153 102.2602149090909 102.02276254545455 101.78531018181818 101.56460025641026 101.4220217094017 101.27276806818182 101.09395329545454 100.91513852272729 100.73632375 100.55750897727273 100.37869420454547 100.347678553719 100.46446202479339 100.58124549586776 100.69802896694216 100.81481243801653 100.93159590909092 101.0483793801653 101.1746185338346 101.3029132706767 101.43120800751879 101.55950274436091 101.687797481203 101.81609221804511 101.94438695488722 102.16168138888888 102.53917527777779 102.91666916666667 103.29200378318585 103.77227227099237 104.24773658396947 104.72320089694658 105.19866520992366 105.67412952290077 106.14959383587787 106.62505814885496 107.10052246183207 107.57598677480917 108.05145108778625
-9999 99.92950583924349 99.26434380614657 99.07818461864406 100.69398851694916 102.20565325757575 102.72398803703703 102.70594327272727 102.46849090909092 102.24220017094018 102.09962162393163 101.9570430769231 101.78681056818182 101.60799579545454 101.42918102272728 101.25036625 101.07155147727272 101.04053582644627 101.15731929752067 101.27410276859504 101.39088623966941 101.50766971074381 101.62445318181818 101.74123665289257 101.85843124060149 101.98672597744363 102.11502071428572 102.24331545112781 102.37161018796992 102.49990492481203 102.62819966165414 102.9878936111111 103.3653875 103.65598320175438 104.00872077433628 104.49139134955753 104.97406192477875 105.4567325 105.93219681297711 106.4076611259542 106.8831254389313 107.3585897519084 107.83405406488549 108.30951837786262 108.7849826908397
-9999 100.31558035460992 99.650418321513 99.78359436440678 101.39939826271187 102.59864553030303 103.15641722222222 103.38912399999998 103.15167163636363 102.91980008547009 102.77722153846153 102.63464299145299 102.47966784090909 102.30085306818182 102.12203829545454 101.94322352272728 101.76440875 101.73339309917355 101.85017657024792 101.96696004132232 102.0837435123967 102.2005269834711 102.31731045454545 102.43409392561985 102.5508773966942 102.67053868421051 102.79883342105263 102.92712815789474 103.05542289473684 103.18371763157894 103.43661194444445 103.81410583333334 104.10470153508771 104.39529723684211 104.72543776548673 105.20810834070797 105.6907789159292 106.17344949115045 106.65612006637167 107.13879064159293 107.61665704198475 108.09212135496183 108.56758566793893 109.04304998091604 109.51851429389313
-9999 100.70165486997637 100.03649283687943 100.48900411016949 102.10480800847458 103.01135625925926 103.5888464074074 104.07230472727272 103.83485236363636 103.5974 103.45482145299145 103.31224290598291 103.16966435897436 102.9937103409091 102.81489556818183 102.63608079545455 102.45726602272727 102.42625037190084 102.5430338429752 102.65981731404958 102.77660078512397 102.89338425619836 103.01016772727273 103.12695119834711 103.24373466942149 103.36051814049587 103.48264612781955 103.61094086466166 103.73923560150375 103.88533027777777 104.26282416666666 104.55341986842106 104.84401557017544 105.13461127192981 105.44215475663717 105.92482533185841 106.40749590707965 106.89016648230088 107.37283705752212 107.85550763274337 108.3381782079646 108.82084878318585 109.30111727099236 109.77658158396949 110.25204589694656
-9999 101.08772938534278 100.42256735224586 101.1944138559322 102.81021775423729 103.44378544444444 104.02127559259259 104.59876574074073 104.5180330909091 104.28058072727273 104.13242136752136 103.98984282051282 103.84726427350427 103.68656761363637 103.50775284090909 103.32893806818183 103.15012329545455 103.11910764462812 103.23589111570249 103.35267458677686 103.46945805785124 103.58624152892563 103.703025 103.81980847107438 103.93659194214875 104.05337541322314 104.17015888429752 104.29475357142857 104.42304830827068 104.71154250000001 105.00213820175438 105.29273390350878 105.58332960526316 105.87392530701754 106.16452100877193 106.64154232300885 107.1242128982301 107.60688347345132 108.08955404867258 108.57222462389382 109.05489519911505 109.53756577433627 110.02023634955752 110.50290692477876 110.9855775
-9999 101.47380390070923 100.80864186761231 101.89982360169492 103.5156275 103.87621462962963 104.45370477777777 105.0311949259259 105.20121381818181 104.96376145454546 104.81002128205128 104.66744273504274 104.5248641880342 104.37942488636364 104.20061011363637 104.0217953409091 103.84298056818182 103.81196491735537 103.92874838842974 104.04553185950414 104.16231533057851 104.2790988016529 104.39588227272728 104.51266574380166 104.62944921487605 104.74623268595042 104.86301615702479 104.97979962809917 105.16026083333333 105.45085653508771 105.74145223684212 106.03204793859649 106.32264364035089 106.61323934210526 106.90383504385963 107.3582593141593 107.84092988938052 108.32360046460177 108.80627103982302 109.28894161504425 109.7716121902655 110.25428276548672 110.73695334070797 111.2196239159292 111.70229449115044
-9999 101.85987841607565 101.19471638297871 102.60523334745763 103.90861977272728 104.30864381481481 104.88613396296297 105.46362411111112 105.88439454545455 105.64694218181818 105.4876211965812 105.34504264957265 105.20246410256411 105.05988555555555 104.89346738636364 104.71465261363636 104.53583784090908 104.50482219008263 104.62160566115702 104.73838913223139 104.85517260330579 104.97195607438017 105.08873954545454 105.20552301652893 105.3223064876033 105.43908995867768 105.55587342975207 105.67618306451612 105.89957486842104 106.19017057017544 106.48076627192981 106.77136197368421 107.0619576754386 107.35255337719298 107.64314907894736 108.07497630530973 108.557646880531 109.04031745575222 109.52298803097347 110.00565860619469 110.48832918141593 110.97099975663717 111.4536703318584 111.93634090707965 112.41901148230087
