tin.asc
NCOLS 250
NROWS 250
XLLCORNER 2.0
YLLCORNER 3.0
CELLSIZE 1.0
NODATA_VALUE -9999
[rows 20 to 39 of 186, columns 45 to 89 of 250]
68.08899795833334 67.977849125 67.86670029166666 67.75555145833334 67.644402625 67.53325379166668 67.43277728819444 67.34297311458334 67.25316894097222 67.16336476736112 67.07356059375 66.98375642013889 66.89395224652777 66.80414807291666 66.71434389930556 66.62453972569445 66.53473555208335 66.41014025806452 66.72575375609756 67.32565692523366 67.89235642056076 68.45905591588786 69.02575541121496 69.59245490654206 70.15915440186916 70.72585389719626 71.29255339252336 71.85925288785046 72.60911709302326 73.4444581627907 74.27979923255813 75.17045264285714 76.10800518831168 77.00381373376622 77.89962227922078 78.79543082467532 79.69123937012986 80.5870479155844 81.48285646103895 82.3786650064935 83.27447355194805 84.17028209740259 84.91229075221239 85.61235398230089 86.31377214285713
68.925307375 68.81415854166667 68.70300970833333 68.591860875 68.48071204166666 68.36956320833333 68.26908670486111 68.17928253125 68.0894783576389 67.99967418402778 67.90987001041667 67.82006583680555 67.73026166319444 67.64045748958334 67.55065331597223 67.46084914236111 67.37104496875 67.3093167878788 67.49688739772728 68.01080956074767 68.57750905607477 69.14420855140187 69.71090804672897 70.27760754205607 70.84430703738317 71.41100653271027 71.97770602803739 72.54440552336449 73.3431136511628 74.17845472093023 75.0568165 75.98295279999999 76.92686179870128 77.82267034415582 78.7184788896104 79.61428743506494 80.51009598051948 81.40590452597402 82.30171307142857 83.19752161688311 84.09333016233765 84.86330243362832 85.56336566371681 86.26342889380531 86.9642825
69.68654262345679 69.65046795833334 69.53931912499999 69.42817029166667 69.31702145833333 69.205872625 69.10539612152778 69.01559194791666 68.92578777430555 68.83598360069445 68.74617942708333 68.65637525347222 68.5665710798611 68.47676690624999 68.38696273263889 68.30277375757576 68.29158236363637 68.28039096969697 68.46796157954546 68.85429419318181 69.30602895454545 69.8293611869159 70.39606068224299 70.9627601775701 71.52945967289719 72.0961591682243 72.6628586635514 73.2417691395349 74.07711020930233 74.94318035714286 75.85227121428571 76.8124984 77.7457184090909 78.64152695454545 79.5373355 80.43314404545454 81.32895259090908 82.22476113636363 83.12056968181818 84.01637822727272 84.81431411504425 85.51437734513274 86.21444057522123 86.91450380530974 87.61479285714285
70.34540400617283 70.42535305555555 70.37562854166666 70.26447970833334 70.153330875 70.04218204166666 69.94170553819444 69.85190136458333 69.76209719097223 69.67229301736111 69.58248884375 69.49268467013889 69.40288049652777 69.31307632291666 69.28503933333334 69.27384793939395 69.26265654545455 69.25146515151515 69.43903576136363 69.82536837500001 70.21170098863638 70.61983431818183 71.13697122727274 71.65410813636365 72.21461230841122 72.78131180373832 73.34801129906543 73.97576569767443 74.82954421428572 75.73863507142858 76.64772592857143 77.642044 78.56457501948051 79.46038356493506 80.3561921103896 81.25200065584416 82.1478092012987 83.04361774675326 83.93942629220778 84.76532579646019 85.46538902654868 86.16545225663717 86.86551548672567 87.56557871681416 88.26564194690266
71.00909805921052 71.0842144382716 71.16416348765432 71.100789125 70.98964029166666 70.87849145833334 70.7780149548611 70.68821078125 70.59840660763889 70.50860243402778 70.41879826041668 70.32899408680557 70.27849630303031 70.26730490909092 70.25611351515153 70.24492212121213 70.23373072727273 70.22253933333333 70.41010994318182 70.79644255681819 71.18277517045455 71.56910778409092 71.95544039772727 72.45077659090909 72.96791350000001 73.48505040909092 74.03316393457945 74.71590807142857 75.62499892857143 76.53408978571429 77.44318064285714 78.47158959999999 79.38343162987013 80.27924017532467 81.17504872077922 82.07085726623376 82.9666658116883 83.86247435714284 84.71633747787611 85.41640070796461 86.1164639380531 86.81652716814159 87.51659039823008 88.21665362831858 88.91671685840709
71.68514226973683 71.75327812500001 71.82302487037038 71.90297391975308 71.82594970833333 71.71480087500001 71.61432437152777 71.52452019791667 71.43471602430556 71.34491185069444 71.27195327272727 71.26076187878787 71.24957048484848 71.23837909090909 71.22718769696971 71.21599630303031 71.20480490909091 71.19361351515153 71.381184125 71.76751673863637 72.15384935227273 72.54018196590908 72.92651457954545 73.31284719318182 73.76458195454546 74.28171886363637 74.79885577272728 75.5113627857143 76.42045364285714 77.3295445 78.2556808 79.3011352 80.20228824025973 81.09809678571429 81.99390533116883 82.88971387662338 83.78552242207792 84.66734915929203 85.36741238938055 86.06747561946904 86.76753884955752 87.46760207964601 88.1676653097345 88.867728539823 89.56779176991151
72.36118648026316 72.42932233552631 72.49745819078947 72.56559404605262 72.64178435185185 72.55111029166666 72.45063378819444 72.36082961458334 72.27102544097222 72.25421884848484 72.24302745454546 72.23183606060606 72.22064466666666 72.20945327272727 72.19826187878789 72.18707048484849 72.17587909090909 72.1646876969697 72.35225830681819 72.73859092045456 73.12492353409093 73.51125614772728 73.89758876136364 74.283921375 74.67025398863638 75.07838731818184 75.6343555 76.30681750000001 77.21590835714287 78.12499921428572 79.0852264 80.12533630519479 81.02114485064935 81.91695339610389 82.81276194155845 83.70857048701299 84.60437903246753 85.31842407079645 86.01848730088496 86.71855053097345 87.41861376106195 88.11867699115044 88.81874022123894 89.51880345132743 90.21886668141593
73.03723069078947 73.10536654605264 73.1735024013158 73.24163825657894 73.3097741118421 73.38059478395061 73.2869432048611 73.24767581818182 73.23648442424242 73.22529303030304 73.21410163636364 73.20291024242424 73.19171884848484 73.18052745454546 73.16933606060606 73.15814466666666 73.14695327272727 73.13576187878789 73.32333248863637 73.70966510227274 74.09599771590909 74.48233032954546 74.86866294318182 75.25499555681819 75.64132817045456 76.02181540000001 76.50868650000001 77.1811485 78.01136307142856 78.92045392857142 79.914772 80.94419291558442 81.84000146103897 82.73581000649351 83.63161855194805 84.5274270974026 85.26943575221239 85.96949898230088 86.66956221238937 87.36962544247787 88.06968867256637 88.76975190265486 89.46981513274336 90.16987836283185 90.86994159292034
73.71327490131578 73.78141075657894 73.84954661184211 73.91768246710527 73.98581832236843 74.1193181 74.18898771428572 74.21875 74.2075586060606 74.19636721212122 74.18517581818182 74.17398442424242 74.16279303030302 74.15160163636364 74.14041024242424 74.12921884848484 74.11802745454546 74.10683606060606 74.29440667045455 74.68073928409092 75.06707189772729 75.45340451136363 75.839737125 76.22606973863637 76.59486620000001 76.9617142 77.43765733333333 78.0554795 78.80681778571429 79.71590864285713 80.74431759999999 81.76304952597403 82.65885807142857 83.55466661688311 84.45047516233767 85.22044743362832 85.92051066371681 86.62057389380531 87.3206371238938 88.02070035398229 88.7207635840708 89.42082681415928 90.12089004424779 90.82095327433629 91.52101650442478
74.3893191118421 74.45745496710526 74.52559082236843 74.6685627 74.8579543 75.00743857142857 75.03720085714286 75.06696314285713 75.09672542857143 75.12648771428572 75.15625 75.1450586060606 75.1338672121212 75.12267581818182 75.11148442424243 75.10029303030302 75.08910163636364 75.07791024242424 75.26548085227273 75.65181346590909 76.03814607954546 76.42447869318183 76.80106900000001 77.167917 77.534765 77.901613 78.37755613333333 78.9625944 79.6022725 80.52840880000001 81.5738632 82.58190613636363 83.47771468181817 84.37352322727273 85.17145911504424 85.87152234513275 86.57158557522125 87.27164880530974 87.97171203539824 88.67177526548673 89.37183849557522 90.07190172566371 90.77196495575221 91.47202818584071 92.1720914159292
75.06536332236843 75.21307125 75.4071989 75.59659049999999 75.77079924626867 75.93177425 75.94020538461538 75.93865830769231 75.94493857142857 75.97470085714285 76.00446314285713 76.03422542857143 76.0639877142857 76.09375 76.08255860606062 76.0713672121212 76.06017581818182 76.04898442424242 76.23655503409091 76.62288764772728 77.0072718 77.3741198 77.74096779999999 78.1078158 78.4746638 78.84151179999999 79.31745493333332 79.9024932 80.48753146666668 81.35795440000001 82.40340880000001 83.40076274675324 84.29657129220779 85.12247079646018 85.82253402654868 86.52259725663717 87.22266048672566 87.92272371681416 88.62278694690265 89.32285017699115 90.02291340707964 90.72297663716814 91.42303986725663 92.12310309734514 92.82316632743361
75.9564435 76.13065224626865 76.3048609925373 76.47906973880596 76.65327848507462 76.8274872313433 76.96199475 76.98373016666667 76.98883523076923 76.98728815384615 76.98574107692308 76.984194 76.98264692307691 76.98109984615385 76.97955276923076 77.00148771428572 77.03125 77.0200586060606 77.20762921590908 77.5803226 77.94717059999999 78.3140186 78.6808666 79.0477146 79.4145626 79.78141059999999 80.25735373333333 80.84239199999999 81.47784307692308 82.1875 83.2329544 84.21961935714286 85.07348247787613 85.77354570796459 86.4736089380531 87.17367216814158 87.8737353982301 88.57379862831858 89.27386185840707 89.97392508849558 90.67398831858407 91.37405154867257 92.07411477876106 92.77417800884956 93.47424123893803
76.83892273880596 77.01313148507462 77.18734023134328 77.36154897761195 77.53575772388061 77.70996647014925 77.94171144554456 77.99221525 78.01395066666666 78.03568608333333 78.03746507692307 78.035918 78.03437092307692 78.03282384615385 78.03127676923077 78.02972969230768 78.02818261538462 78.02663553846153 78.22787257142856 78.59472057142857 78.96156857142856 79.32841657142856 79.69526457142857 80.06211257142857 80.42896057142858 80.79580857142857 81.30875556756756 81.93352923076922 82.5689803076923 83.22916666666667 84.0625 85.02449415929203 85.72455738938052 86.42462061946902 87.12468384955753 87.824747079646 88.52481030973452 89.22487353982301 89.9249367699115 90.625 91.34469696969697 92.06439393939394 92.7840909090909 93.50378787878788 94.22348484848484
77.72140197761193 77.8956107238806 78.06981947014926 78.24402821641792 78.41823696268656 78.59244570895522 78.7919703960396 79.00070033333333 79.02243575 79.04417116666666 79.06590658333333 79.08764199999999 79.08609492307693 79.08454784615384 79.08300076923076 79.08145369230769 79.0799066153846 79.07835953846154 79.2870312 79.6836177142857 80.0504657142857 80.41731371428571 80.78416171428572 81.15100971428572 81.51785771428571 81.9139255135135 82.4853121081081 83.0566987027027 83.66011753846153 84.29556861538462 85.10416666666667 85.85227272727272 86.57196969696969 87.29166666666666 88.01136363636364 88.73106060606061 89.45075757575758 90.17045454545455 90.89015151515153 91.61376402621723 92.34129207865169 93.06882013108614 93.7963481835206 94.52387623595506 95.25140428838952
78.53195670731706 78.77808996268656 78.95229870895523 79.12650745522387 79.30071620149253 79.4749249477612 79.64913369402984 79.90849605940595 80.03092083333333 80.05265624999998 80.07439166666667 80.09612708333333 80.11786249999999 80.13627184615383 80.13472476923074 80.1331776923077 80.13163061538461 80.13008353846153 80.33875520000001 80.75764559999999 81.13936285714286 81.50621085714286 81.87305885714285 82.23990685714287 82.60675485714286 83.09048205405404 83.66186864864865 84.23325524324324 84.80464183783783 85.38670584615384 86.11742424242424 86.83712121212122 87.55681818181819 88.2804306928839 89.00795874531835 89.73548679775281 90.46301485018728 91.19054290262173 91.91807095505618 92.64559900749065 93.37312705992511 94.10065511235956 94.828183164794 95.55571121722846 96.28323926966293
79.24443256097561 79.6540306097561 79.83477794776118 80.00898669402986 80.1831954402985 80.35740418656717 80.53161293283581 80.75875500990098 81.02502172277228 81.06114133333332 81.08287675 81.10461216666667 81.12634758333333 81.148083 81.16981841666666 81.18490169230769 81.18335461538462 81.18180753846153 81.3904792 81.8093696 82.22826 82.595108 82.961956 83.32880399999999 83.695652 84.2670385945946 84.83842518918918 85.4098117837838 85.98119837837838 86.56116835616439 87.12968151685392 87.85720956928839 88.58473762172285 89.31226567415729 90.03979372659177 90.76732177902622 91.49484983146067 92.22237788389513 92.9499059363296 93.67743398876405 94.4049620411985 95.13249009363295 95.86001814606743 96.58754619850188 97.31507425093632
79.95690841463416 80.36650646341462 80.71725718656717 80.89146593283583 81.06567467910448 81.23988342537312 81.4140921716418 81.60901396039604 81.87528067326733 82.06962641666667 82.09136183333332 82.11309724999998 82.13483266666665 82.15656808333333 82.1783035 82.20003891666666 82.22177433333333 82.23353153846153 82.4422032 82.86109359999999 83.279984 83.68400514285715 84.05085314285714 84.41770114285715 84.87220854054053 85.44359513513513 86.01498172972973 86.5892294520548 87.18350506849316 87.77778068493151 88.17721072463769 88.8890445505618 89.61657260299626 90.34410065543072 91.07162870786516 91.79915676029964 92.52668481273409 93.25421286516854 93.98174091760299 94.70926897003746 95.43679702247192 96.16432507490637 96.89185312734082 97.61938117977527 98.34690923220973
80.66938426829267 81.07898231707317 81.48858036585365 81.77394517164178 81.94815391791045 82.1223626641791 82.29657141044777 82.47078015671642 82.72553962376237 82.99180633663366 83.09984691666665 83.12158233333332 83.14331775 83.16505316666667 83.18678858333332 83.208524 83.23025941666666 83.25199483333333 83.50398055555556 83.9128176 84.33170799999999 84.7505984 85.13975028571429 85.50659828571428 86.04876508108109 86.62015167567567 87.21156616438356 87.80584178082191 88.40011739726027 88.99439301369861 89.36598797101449 89.92087953183521 90.64840758426966 91.37593563670413 92.10346368913856 92.83099174157303 93.55851979400751 94.28604784644195 95.0135758988764 95.74110395131086 96.46863200374531 97.19616005617979 97.92368810861424 98.6512161610487 99.10146662790697
81.38186012195122 81.79145817073172 82.2010562195122 82.61065426829269 82.83063315671642 83.00484190298508 83.17905064925372 83.35325939552239 83.57579857425743 83.84206528712872 84.10833199999999 84.13006741666666 84.15180283333333 84.17353825000001 84.19527366666667 84.21700908333332 84.2387445 84.26047991666665 84.58921574074073 84.99470166666667 85.40018759259259 85.80567351851852 86.2212128 86.65393502702702 87.23962726027396 87.83390287671233 88.42817849315068 89.02245410958903 89.6167297260274 90.21100534246575 90.5547652173913 90.95271451310863 91.68024256554307 92.40777061797753 93.13529867041198 93.86282672284644 94.5903547752809 95.31788282771537 96.04541088014982 96.77293893258427 97.50046698501873 98.22799503745318 98.95552308988763 99.49819941860466 99.83291755813954
82.09433597560977 82.50393402439025 82.91353207317073 83.32313012195122 83.71311239552239 83.88732114179103 84.0615298880597 84.23573863432836 84.42605752475248 84.69232423762377 84.95859095049505 85.13855249999999 85.16028791666668 85.18202333333333 85.20375874999999 85.22549416666666 85.24722958333332 85.268965 85.67445092592591 86.07993685185184 86.48542277777777 86.8909087037037 87.29639462962963 87.86196397260274 88.45623958904109 89.05051520547946 89.64479082191781 90.23906643835616 90.83334205479451 91.42761767123287 91.74354246376811 92.03163217391304 92.71207754681649 93.43960559925094 94.16713365168539 94.89466170411986 95.62218975655432 96.34971780898876 97.07724586142322 97.80477391385769 98.53230196629214 99.2598300187266 99.89493220930231 100.22965034883723 100.56436848837208
