tin.asc
NCOLS 250
NROWS 250
XLLCORNER 2.0
YLLCORNER 3.0
CELLSIZE 1.0
NODATA_VALUE -9999
[rows 60 to 79 of 186, columns 180 to 224 of 250]
56.21421961764705 56.033346882352944 55.71821726 55.067445420000006 54.986412349999995 55.1659609 55.32732373529411 55.48868657058824 55.650049405882356 55.81141224117648 55.97277507647058 56.13413791176471 56.295500747058824 56.45686358235294 56.61222390772532 56.761581723175965 56.91093953862661 57.06029735407726 57.209655169527906 57.35901298497854 57.50837080042919 57.421318456043956 57.20531511538462 56.98931177472528 56.77330843406593 56.7699212875 56.7901581625 56.62448261666666 56.27289465 55.921306683333334 55.81621705769231 55.74634148076924 55.67646590384616 55.4912365425532 55.036848351063824 54.58246015957447 54.12807196808511 53.67368377659575 53.21929558510639 52.76490739361702 52.31051920212766 51.91877243388429 51.808912070247935 51.521844 51.15207900000001
56.758496 56.57762326470589 56.396750529411776 55.94736402 55.81177380588235 55.97313664117647 56.134499476470594 56.29586231176471 56.45722514705882 56.61858798235294 56.77995081764706 56.941313652941176 57.102676488235296 57.26403932352942 57.42540215882353 57.58353287339055 57.7328906888412 57.882248504291844 58.031606319742494 58.180964135193136 58.33032195064378 58.30774510439561 58.091741763736266 57.87573842307692 57.65973508241759 57.53035315416667 57.55059002916667 57.384914483333326 57.03332651666667 56.681738550000006 56.50622082692308 56.43634525 56.36646967307692 56.02743526595745 55.57304707446809 55.11865888297872 54.664270691489364 54.209882500000006 53.75549430851064 53.30110611702128 52.84671792553192 52.392329734042555 52.12943800000001 51.66434105803572 51.13857833482143
57.30277238235295 57.121899647058825 56.94102691176471 56.76015417647059 56.61894954705882 56.780312382352946 56.94167521764706 57.10303805294118 57.26440088823529 57.425763723529414 57.58712655882353 57.74848939411765 57.90985222941176 58.07121506470588 58.23257790000001 58.393940735294116 58.5548418390558 58.704199654506446 58.85355746995708 59.00291528540774 59.152273100858366 59.19417175274726 58.97816841208791 58.76216507142857 58.546161730769235 58.330158390109894 58.311021895833335 58.14534635 57.79375838333333 57.44217041666667 57.19622459615385 57.12634901923077 57.01802218085106 56.5636339893617 56.10924579787233 55.654857606382976 55.20046941489362 54.74608122340425 54.291693031914896 53.83730484042553 53.382916648936174 52.872464785 52.23001696428571 51.63206017857143 51.09907804910714
57.89294729710144 57.7579730942029 57.62299889130435 57.488024688405794 57.52407445588236 57.62946633823529 57.74885095882353 57.910213794117645 58.071576629411766 58.23293946470588 58.3943023 58.55566513529412 58.717027970588234 58.878390805882354 59.03975364117647 59.201116476470595 59.3624793117647 59.52384214705883 59.67550862017167 59.82486643562232 59.97422425107296 60.080598401098904 59.86459506043956 59.64859171978022 59.43258837912089 59.21658503846154 59.071453762500006 58.90577821666667 58.55419025 58.202602283333334 57.88622836538462 57.81635278846155 57.55422090425532 57.09983271276596 56.6454445212766 56.19105632978724 55.73666813829787 55.282279946808515 54.78784627500001 54.269385315 53.750924355 53.099007 52.41365104166667 51.823580892857144 51.22562410714286
58.850310471014495 58.715336268115934 58.58036206521739 58.4615652 58.58311948529412 58.68851136764706 58.79390325 58.89929513235295 59.00468701470588 59.11007889705883 59.21547077941177 59.362840876470585 59.524203711764706 59.685566547058826 59.84692938235294 60.00829221764707 60.16965505294118 60.331017888235294 60.492380723529415 60.646817585836914 60.796175401287556 60.9455332167382 60.75102170879121 60.535018368131865 60.31901502747253 60.10301168681319 59.88700834615384 59.66621008333333 59.31462211666666 58.96303415 58.611446183333335 58.506356557692314 58.09041962765958 57.636031436170214 57.181643244680856 56.70322776500001 56.184766805 55.666305845 55.147844885000005 54.629383925 54.0664375 53.28106375 52.59570779166667 52.010369624999996 51.41714482142858
59.80767364492753 59.672699442028986 59.53772523913044 59.5159924 59.6398556 59.74755639705883 59.852948279411756 59.95834016176471 60.06373204411764 60.16912392647059 60.27451580882353 60.37990769117647 60.48529957352942 60.59069145588236 60.6960833382353 60.815467958823525 60.976830794117646 61.13819362941177 61.299556464705894 61.4609193 61.61812655150215 61.76748436695279 61.63744835714286 61.42144501648352 61.205441675824176 60.989438335164834 60.645341499999994 60.29010471428572 60.029541571428574 59.72346601666666 59.37187805000001 59.0810065425532 58.61860925500001 58.10014829500001 57.581687335 57.063226375000006 56.544765415 56.026304455 55.507843495 54.989382535 54.24849425 53.4631205 52.77776454166667 52.192426375 51.60708820833334
60.765036818840585 60.63006261594203 60.495088413043476 60.57041960000001 60.6942828 60.80660142647059 60.911993308823526 61.01738519117647 61.12277707352941 61.22816895588235 61.33356083823529 61.43895272058823 61.54434460294118 61.64973648529412 61.75512836764706 61.86052025 61.96591213235294 62.07130401470589 62.176695897058835 62.28208777941177 62.429457876470586 62.58943551716739 62.52387500549451 62.265173833333336 61.87837916666666 61.4915845 61.104789833333335 60.71799516666667 60.42587414285714 60.165311 59.90474785714286 59.497068825 58.978607865 58.460146905 57.941685945 57.423224985000004 56.904764025000006 56.38630306500001 55.867842104999994 55.21592475 54.430551 53.64517725 52.95982129166667 52.374483125 51.78914495833334
61.72239999275364 61.58742578985508 61.500983600000005 61.6248468 61.74871 61.865646455882356 61.9710383382353 62.076430220588236 62.18182210294118 62.287213985294116 62.39260586764706 62.49799775 62.60338963235294 62.70878151470589 62.81417339705882 62.91956527941177 63.0249571617647 63.130349044117644 63.23574092647059 63.34113280882353 63.44254801724138 63.4807063 63.12209818579236 62.72462216666666 62.3378275 61.951032833333336 61.56423816666667 61.1774435 60.82220671428572 60.561643571428576 60.30108042857144 59.863123095238095 59.338606475 58.820145515 58.301684555 57.78322359500001 57.264762635 56.746301675 56.18335525 55.3979815 54.61260775 53.827234000000004 53.141878041666665 52.556539875 51.97120170833334
62.67976316666667 62.54478896376812 62.5554108 62.67927400000001 62.8031372 62.92469148529412 63.030083367647066 63.13547525 63.24086713235294 63.34625901470588 63.451650897058826 63.557042779411766 63.662434661764706 63.76782654411765 63.87321842647059 63.97861030882353 64.08002551724138 64.17746405172414 64.2749025862069 64.37234112068965 64.2919389 64.06333605 63.64563463387978 63.216114557377054 62.79727583333334 62.41048116666666 62.023686500000004 61.63689183333334 61.25009716666666 60.95797614285714 60.697413 60.25945566666667 59.698605085 59.180144125000005 58.661683165 58.143222205 57.624761245 57.106300285 56.365412 55.58003825 54.7946645 54.009290750000005 53.32393479166667 52.738596625 52.15325845833334
63.637126340579705 63.502152137681165 63.609837999999996 63.7337012 63.8575644 63.9814276 64.08912839705883 64.19452027941176 64.2999121617647 64.40530404411764 64.51069592647059 64.61608780882352 64.71750301724138 64.81494155172413 64.9123800862069 65.00981862068966 65.10725715517242 65.20469568965518 65.30213422413794 65.1031715 64.87456865 64.59869115846995 64.1691710819672 63.73965100546449 63.310130928961755 62.880610852459014 62.48313483333334 62.096340166666664 61.7095455 61.354308714285715 61.09374557142858 60.65578823809525 60.058603695 59.540142734999996 59.021681775000005 58.503220815 57.984759855 57.332842500000005 56.54746875 55.762095 54.976721250000004 54.1913475 53.50599154166666 52.920653375 52.33531520833333
64.59604135119048 64.540402 64.66426520000002 64.7881284 64.9119916 65.0358548 65.14817342647058 65.25356530882353 65.35498051724139 65.45241905172414 65.54985758620691 65.64729612068966 65.74473465517241 65.84217318965517 65.93961172413793 66.0370502586207 66.13448879310344 66.14300695 65.9144041 65.68580125 65.45719840000001 65.12222760655737 64.69270753005465 64.26318745355192 63.83366737704918 63.404147300546455 62.974627224043715 62.555788500000006 62.16899383333334 61.78219916666667 61.49007814285714 61.05212080952381 60.436769285714284 59.900141344999994 59.381680384999996 58.863219425000004 58.300273 57.514899250000006 56.7295255 55.944151749999996 55.158778000000005 54.37340425 53.68804829166667 53.102710124999994 52.51737195833334
65.5720265654762 65.57934394285715 65.70320714285715 65.82707034285714 65.95093354285714 66.07479674285715 66.1873350862069 66.28477362068966 66.38221215517241 66.47965068965517 66.57708922413794 66.67452775862068 66.77196629310345 66.86940482758621 66.96684336206897 67.06428189655173 66.95423955 66.7256367 66.49703385000001 66.26843099999999 66.03982815 65.64576405464481 65.21624397814207 64.78672390163935 64.35720382513661 63.92768374863388 63.498163672131156 63.068643595628416 62.63912351912569 62.2416475 61.88641071428572 61.44845338095238 60.83310185714285 60.260139955 59.741678995 59.223218035 58.48232975 57.696956 56.91158225 56.126208500000004 55.34083475 54.555461 53.87010504166667 53.284766875 52.69942870833333
66.67142448913044 66.68593911486487 66.72666382857143 66.85052702857142 66.97439022857142 67.09825342857143 67.21456672413794 67.31200525862069 67.40944379310345 67.50688232758621 67.60432086206896 67.70175939655172 67.79919793103448 67.89663646551725 67.99407500000001 67.76547215 67.5368693 67.30826645 67.0796636 66.85106075 66.59882057923497 66.16930050273224 65.73978042622952 65.31026034972678 64.88074027322405 64.45122019672132 64.02170012021858 63.59218004371584 63.16265996721311 62.73313989071039 62.314301166666674 61.84478595238095 61.22943442857142 60.62013856499999 60.101677605000006 59.449760250000004 58.6643865 57.87901275000001 57.093639 56.30826525 55.52289150000001 54.73751775 54.05216179166666 53.466823625 52.824605184210526
67.78204175 67.80009233108109 67.81814291216217 67.87398371428571 67.99784691428572 68.12171011428572 68.24179836206896 68.33923689655172 68.43667543103449 68.53411396551724 68.6315525 68.72899103448276 68.82642956896552 68.8053076 68.57670475 68.3481019 68.11949905 67.8908962 67.66229335 67.4336905 67.12235702732241 66.69283695081967 66.26331687431694 65.83379679781422 65.40427672131148 64.97475664480875 64.54523656830601 64.11571649180327 63.68619641530054 63.25667633879782 62.79470912781955 62.12967234883721 61.625766999999996 61.010415476190474 60.41719075 59.631817 58.84644324999999 58.0610695 57.27569575 56.490322000000006 55.70494825 54.919574499999996 54.23421854166667 53.47823955263158 52.66538028947368
68.89619496621621 68.9142455472973 68.93229612837838 68.95034670945947 69.02130360000001 69.1451668 69.26903 69.36646853448275 69.46390706896551 69.56134560344827 69.65878413793104 69.7562226724138 69.6165402 69.38793735 69.1593345 68.93073165 68.7021288 68.47352595000001 68.2449231 68.01632025 67.64589347540985 67.21637339890711 66.78685332240437 66.35733324590164 65.9278131693989 65.49829309289618 65.06877301639345 64.63925293989071 64.20973286338797 63.68287138345865 62.96977417777778 62.19166639534884 61.68776104651163 61.18385569767442 60.52916370535715 59.743789955357144 58.958416205357146 58.17304245535715 57.38766870535714 56.602294955357145 55.81692120535715 55.03154745535714 54.15550868333334 53.31901465789474 52.506155394736844
70.01034818243244 70.02839876351351 70.04644934459459 70.06449992567568 70.08255050675676 70.16862348571429 70.2924866857143 70.39370017241379 70.49113870689655 70.58857724137931 70.65637565 70.4277728 70.19916995 69.97056710000001 69.74196425 69.51336140000001 69.28475854999999 69.0561557 68.82755285 68.59895 68.16942992349726 67.73990984699452 67.31038977049181 66.88086969398907 66.45134961748633 66.0218295409836 65.59230946448088 65.16278938797814 64.57103363909775 63.90356790977444 63.08399725925926 62.25366044186047 61.74975509302325 61.245849744186046 60.571052866071426 59.78567911607143 59.00030536607142 58.214931616071425 57.42955786607142 56.64418411607143 55.858810366071424 55.01839104390245 54.1144576 53.23069405 52.3469305
71.12450139864865 71.14255197972973 71.1606025608108 71.1786531418919 71.19670372297297 71.21475430405405 71.31594337142857 71.42093181034483 71.51837034482759 71.46760825 71.2390054 71.01040255000001 70.7817997 70.55319685 70.324594 70.09599115 69.8673883 69.63878545 69.4101826 69.12248644808744 68.6929663715847 68.26344629508196 67.83392621857924 67.40440614207651 66.97488606557377 66.54536598907104 66.1158459125683 65.45919589473684 64.79173016541353 64.09384345185185 63.19822034074075 62.31565448837209 61.81174913953488 61.307843790697675 60.61294202678572 59.82756827678571 59.04219452678571 58.256820776785716 57.47144702678571 56.68607327678572 55.887996702439025 54.98406325853658 54.08012981463415 53.18964296666667 52.30587941666667
72.23865461486486 72.25670519594595 72.27475577702704 72.29280635810811 72.3108569391892 72.32890752027028 72.34695810135135 72.44816344827586 72.27884085 72.050238 71.82163514999999 71.5930323 71.36442945 71.1358266 70.90722375 70.6786209 70.45001805 70.22141520000001 69.99281235000001 69.64602289617487 69.21650281967213 68.7869827431694 68.35746266666666 67.92794259016394 67.4984225136612 67.01482387969925 66.34735815037594 65.67989242105263 65.01242669172933 64.20806653333334 63.312443422222216 62.41682031111111 61.87374318604652 61.3698378372093 60.6548311875 59.869457437499996 59.084083687500005 58.2987099375 57.5133361875 56.727962437500004 55.853668917073165 54.94973547317073 54.045802029268295 53.14859188333334 52.264828333333334
73.35280783108108 73.37085841216216 73.38890899324323 73.40695957432433 73.4250101554054 73.44306073648649 73.41022493589743 73.1325183974359 72.8614706 72.63286775000002 72.4042649 72.17566205000001 71.94705920000001 71.71845635000001 71.48985350000001 71.26125065000001 71.0326478 70.80404494999999 70.5754421 70.1695593442623 69.74003926775956 69.31051919125683 68.8809991147541 68.45147903825138 67.90298613533835 67.23552040601504 66.56805467669173 65.90058894736842 65.21791272592593 64.3222896148148 63.4266665037037 62.53104339259259 61.93573723255814 61.43183188372093 60.696720348214285 59.91134659821428 59.12597284821429 58.340599098214284 57.55522534821429 56.72327457560975 55.81934113170732 54.91540768780488 54.01147424390244 53.107540799999995 52.22377725
74.4669610472973 74.48501162837837 74.50306220945946 74.49058096153846 74.44756788461538 74.4045548076923 74.28331057692307 73.92737288461538 73.57143519230769 73.2154975 72.98689465000001 72.7582918 72.52968895 72.30108609999999 72.07248325 71.8438804 71.61527755 71.3866747 71.12261586885246 70.69309579234972 70.263575715847 69.83405563934426 69.40453556284153 68.79114839097744 68.12368266165413 67.45621693233083 66.78875120300752 66.12128547368421 65.33213580740741 64.43651269629629 63.540889585185184 62.64526647407408 61.99773127906977 61.49382593023256 60.738609508928576 59.95323575892857 59.16786200892857 58.382488258928575 57.59288023414635 56.688946790243904 55.785013346341465 54.881079902439026 53.97714645853659 53.07321301463415 52.18272616666667
