output/laplace.asc
NCOLS 250
NROWS 250
XLLCORNER 2.0
YLLCORNER 3.0
CELLSIZE 1.0
NODATA_VALUE -9999
[rows 209 to 227 of 250, columns 0 to 43 of 250]
-9999 -9999 85.08782671551931 77.3217623637011 76.80109047183824 76.4079482643707 76.66854044843754 75.7356816355003 75.63783803130761 75.66047455392878 73.6765264502684 73.58815871203304 73.93831779280086 74.29707199664846 74.61862619658444 74.89908062279297 75.13959461258476 75.37313946749939 76.14598627261722 76.47667970909431 76.38477761662391 75.86323125038344 75.68381255931794 75.80388215954044 76.17294422910153 76.58867123526524 77.42203896843222 77.93379925545473 78.4588387875277 78.99149053166276 79.42876348421969 79.80115492464012 80.12333149270306 80.3974955237953 80.62365339961981 80.79777341263274 80.9194757278077 80.64040147707082 80.83325207407783 80.82809947780362 81.44461572296247 82.69542647210407 84.2465056880587 85.7916005601957
-9999 -9999 85.1392442654113 76.85149606702413 76.2256619724704 75.59303795439531 74.79978992067451 75.38166459371521 75.61530429409265 75.71798332477499 75.75497997718759 75.76466828552721 73.43302697067594 73.7364227195376 74.02864156312836 74.29972352691655 74.5449324518757 74.77659364790634 74.98958177481876 75.1612046919452 75.32409944917742 75.36266199644842 75.3147170467907 75.63087884993242 75.975061725268 76.34887953546162 76.77074359047906 77.31189377222489 77.90833801515207 78.50521043841624 78.97026104404978 79.36507679086725 79.68791357776273 79.94447254189446 80.13573467311272 80.25449956994599 80.27825130149058 80.30843400604759 81.99747171249379 80.77838305161211 81.61312706266634 82.72548083596759 84.00271282593948 85.32112205930582
-9999 -9999 85.24551587909673 80.58282372188172 77.52400505701057 75.31659697557033 74.74227794117647 75.16498207176649 75.3414831876002 75.40438892149281 75.41810162454244 75.40990390192886 72.99194719082033 73.25864006177616 73.52723747559473 73.78684114810237 74.03074141318348 74.25613484875403 74.53194885944725 74.77723526419761 74.9914325412049 75.15886407856435 74.43918147964786 74.65231862506974 75.93962845089503 76.6898258512015 77.11889404399844 77.41350652322485 77.60758640595225 77.24787122698207 77.00387492921938 77.1871034232505 77.34785689302687 77.48268563673837 77.58686931449589 77.66025926030757 77.76584570252332 80.16475617022739 81.40774001291902 80.8516134247537 81.6812744000142 82.6846189419294 83.79505227099337 84.94679930790335
-9999 -9999 85.3774759937354 80.38105850405118 77.18666191540316 74.94290790128402 74.63229338514004 75.01135818898764 75.0955734192035 75.10117955050467 75.07413965862433 75.03315057259785 72.62341190901796 72.82840587957796 73.07989339314136 73.33020167414837 73.58202292981983 73.8551534143934 74.14027395543673 74.40331109138927 74.6276261171039 73.96914959575811 74.16771145342595 74.3961399693186 75.04833353686296 75.8411133109339 76.42003629688143 76.79997663889884 77.07776680831434 77.25989122575844 77.21249404835675 77.00164715222367 77.17712681924087 77.33402807173331 77.48500587599526 77.66502673639093 79.50591142051861 80.12677034684923 80.86587697753691 82.24976209868095 81.68657435603588 82.601665285734 83.59359386164164 84.61997179262418
-9999 -9999 85.54075555700493 80.16728038097257 76.83128106467572 74.44341586959592 74.44456662003378 74.85047449171337 74.83615592476077 74.76973825159766 74.69481044856292 74.62297835852786 74.55720488482223 72.47157422153792 72.66939597192993 72.91684695889016 73.20082875751145 73.47405590809282 73.75945412171525 74.02750507368555 74.28577147485076 73.68613486870898 73.91089679654114 74.15679025685758 74.62523546414188 75.31081397447778 75.84846982786709 76.26747959715924 76.59173379956775 76.79708413527166 76.94175694993183 78.45341092270459 78.82320802510164 78.92359897809715 78.81872131346194 78.03312386460746 79.41403902940692 80.0665652329442 80.81515351969803 81.93388949593508 81.77790590006943 82.49702918944912 83.26707874751338 84.09678578908022
-9999 -9999 85.74288700429145 79.93913532116443 76.45550746028003 74.07578135270246 74.22545115979325 74.66778925726948 74.52633068525307 74.38274439943227 74.26429549535892 74.16875342087157 74.09080336539228 72.157779391787 72.35031898617139 72.59560848109432 72.86360732711422 73.13091104552912 73.42965021027939 73.72349212689448 73.20447237340372 73.42200275077634 73.66516407963687 73.92506641158036 74.37216472839496 75.0478960181607 75.60304577481601 76.04663736493428 76.38738584111505 76.65348777126944 76.83223453932625 77.91005617977528 78.16605154929577 77.702335 78.2892691198347 78.77362226499383 79.32649679983926 79.99840982801179 80.74671210483382 81.66123936997782 81.54670834117623 82.23106391429549 82.97088844451288 83.77762749337822
-9999 -9999 85.9941612169299 79.69371864089442 76.05658581067125 73.69784469039794 73.97908912989331 74.43537480186366 74.12752052243397 73.91179046600017 73.76490989661418 73.66074330857982 73.58339220251587 71.85016716761416 72.0494051093647 72.30790145942429 72.57117598420984 72.83907569478141 73.1473607214574 73.44378543596703 72.9356390630618 73.17071617474465 73.43195086064758 73.74226259695024 74.20993828870157 74.85098326970125 75.40609773404299 75.87804804961361 76.28174986724738 76.61447574945973 76.69916932025795 77.41592735727275 77.1045531402 77.74758853423337 79.63201669599239 78.47852566782025 79.26779454595781 79.9178767222253 80.66145267508223 81.40966637449557 82.22806149933237 81.93957472803274 82.64083398807516 83.41566522784896
-9999 -9999 86.30899716564403 79.42738851026479 75.63126956303158 73.29179904083169 73.71715354545505 74.07423504342829 73.56589619047419 73.31594732491544 73.17675453126385 73.09089218848395 73.03353214033855 71.5473082783153 71.76375997280083 72.02381499272504 72.28484776505765 72.57381918704844 72.87945816450201 72.45006031423947 72.68064757488284 72.93029669282477 73.23811855836348 73.5557440229315 74.07537059665681 74.68580428691703 75.23930071835366 75.73017071163761 76.16159888176732 76.53447515665188 76.67921077898737 77.29371026279533 77.93082937499999 77.8697079112758 78.98306612735647 79.92683468644444 80.30852881310082 79.68834358118403 80.4735891802113 81.3047832567193 81.94445658620448 81.62715261774832 82.27891026423099 83.00945733626806
-9999 -9999 86.70822107550339 79.13550126906522 75.17570615464426 72.79715778831857 73.11004545454546 73.22676633233758 72.67995025956901 72.5345273593585 72.47863012052152 72.45449430147484 72.44378093239226 72.4388539890081 71.47840981261137 71.73968460867076 72.01262808017842 72.31939780231131 71.96617319075186 72.19373878203746 72.43740155807232 72.71821572933587 73.04193995667734 73.36378925692144 73.9593481061309 74.54948358604054 75.09407048904717 75.58979522694214 76.03908064114177 76.0652788023449 76.63339832948517 77.22060992057618 77.8371792835187 78.35101582926653 78.86706999214734 79.60288683702626 80.1409728706302 79.65403116212529 80.35269705735205 81.16815553289432 81.67490959376721 81.30053420293014 81.88933820875941 82.55941798679734
-9999 -9999 87.22304677127478 78.81202680391326 74.7268289875488 72.3344677349632 70.9311610678667 70.37322739447312 71.55604980320199 71.68018135071476 71.72137774268002 71.75315874769018 71.82211022603066 71.87254055370143 71.19205302683143 71.46642173749773 71.7697966366825 72.07062629481463 71.71115172339742 71.94967444529894 72.20449315188155 72.5110526859873 72.83528707122255 73.26487320180614 73.85763859363354 74.4253643163301 74.96133496741746 75.45954489919825 75.92108291496041 76.0162152594335 76.5779099282244 77.15714268300938 77.76755991290673 78.33383537669181 78.80460620731876 78.9551653796331 79.12060937206498 79.66713642604363 80.28990118826354 81.01914255806054 81.41588470365268 80.96955905684854 83.08530476892726 83.35043967779046
-9999 -9999 87.90244834728573 78.4489748078361 74.41188146910166 72.22092836417714 70.80824120713216 70.26963375634517 70.42076230628987 70.96072247131437 71.1146053912611 71.18525630044071 71.21969011404038 71.30691873699394 70.92686844439808 71.22814340065281 71.52624285122987 71.23618972633982 71.46892292618159 71.71636339859917 71.98306329663684 72.30432823311254 72.6260390034541 73.19603712750583 73.76003415068986 74.31401309510828 74.84118003746207 75.33818917396155 75.41377211337779 75.95783531445593 76.51879680486898 77.09891379038399 77.71189462989248 78.30211631860995 78.79195019272483 79.41923520457762 79.814090264931 79.62846369108723 80.12050737916209 80.87397070278678 81.51089856232976 81.75108623935186 81.06430153639539 83.67771500448694
-9999 -9999 88.82785583821337 78.19697836929049 74.1442191405591 71.95692938252175 70.54470725666782 70.2529903314917 70.22102439532893 70.36685175696975 70.49701421646215 70.69317188361973 70.75730371263677 70.79601615421751 70.66882160119874 70.9792382634867 71.27521941542062 70.99950093979488 71.23783141455635 71.49244642553624 71.77041147292461 72.08152527149878 72.58049748412051 73.121509889893 73.66990949031965 74.20751166025111 74.72683835344819 75.22215110431637 76.7001309253657 77.13892131490236 77.55378172783891 77.84392238340392 78.12215524578609 78.45380635511671 78.78621368998658 79.41347708325088 79.7305761031182 79.66545620618568 80.03449533089808 80.74784488139305 81.2695367812005 81.44141584977909 80.66500534188606 83.54384652906884
-9999 -9999 -9999 77.95983681844956 73.7400593278952 71.61234113579839 70.27239121056614 70.23518308979214 70.20278927876777 70.1735566245144 70.24484302059149 70.33751262727048 70.3936010904682 70.41277568253471 70.50177588210461 70.70633681834056 70.55069644731701 70.77409827804544 71.01563982722723 71.27444541795707 71.55000255206392 72.02368182904588 72.52163436050643 73.04481520481455 73.57756226283449 74.10144345837934 74.61407907103677 74.74114423337727 75.2724114700426 75.82188317019849 76.39019327608163 76.98850749518971 77.64699950948372 78.23645103735277 78.7629529747418 79.3076923076923 79.82568285446757 79.7875985017227 80.0212734433494 80.57942962311088 81.0123420508078 81.11666586260246 80.31874595183226 83.37063052098159
-9999 -9999 -9999 77.60669059386747 73.20189546063857 71.21124841835632 70.25324317770583 70.2158664660962 70.18382948184124 70.15527292019505 70.1289889093147 70.10355516102545 70.13534802956625 70.1670141705332 70.14348077252068 70.16462189189028 70.33518513239474 70.55190910539805 70.77469796411717 71.1339824624808 71.52379885079601 71.96916382505394 72.44631352568328 72.95999505481021 73.4795893784089 73.99233597540801 74.1622883574723 74.65522989551694 75.18913420916721 75.74199401484206 76.32394091210985 76.95841517836057 77.62498423581586 78.21859984037212 77.65804268284256 78.9908091425844 79.24728867430123 79.92711753846154 80.06059202253378 80.35892387658055 80.70486389819271 81.03489318142795 81.24172008664085 80.19313923739844
-9999 -9999 -9999 77.10813487909223 72.5407942487785 70.7573940124133 70.23130036178482 70.19442593117896 70.16396131316492 70.1372485877838 70.11274581706633 70.08932266785182 70.06603770317419 70.04196268302346 70.01607834622874 70.33070002947284 71.03770721174351 71.57597667212785 71.93826130897361 72.22805641659541 72.48171412854099 72.77236133714409 73.12736328833633 73.56100968643484 73.37175663037246 73.87547169136465 74.08357694773333 74.5780499549952 75.10112864369616 75.65798915098546 76.2608728058697 76.95396946848267 76.3890420736811 77.03127125427324 78.0478507276918 78.9781779661017 79.43326923076923 79.80410595103008 80.051852 80.08634072665535 80.16167718032885 80.46055730640835 80.81849036122257 80.15061974931874
-9999 -9999 -9999 76.42707309180604 71.9062855220226 70.25450046580426 70.20606833681168 70.17127961600288 70.14290663710264 70.11841300631305 70.09622680487914 70.07529912996249 70.0548763321568 70.03440649451531 70.01371998715135 70.0 70.47854600225381 71.0412232250165 71.4686108539452 71.81174844178038 72.1087121417965 72.38271384442966 72.74422736557564 73.22713219694543 73.24769520312269 73.51675615771268 73.99147684298207 74.488995868336 75.01334885095271 75.5920151650712 77.33655066622414 77.64876204549648 77.99087881867467 78.3837400385629 78.30086881510418 78.7498877171216 79.12793856968216 79.59673293734647 80.04831924065421 80.09036869451698 80.09604607580735 80.0 80.9515028046474 80.1803726610564
-9999 -9999 -9999 75.47957939533788 71.18008472065344 70.22074426584646 70.17746222139546 70.14574081190678 70.12040962663276 70.09880130294208 70.0793899382629 70.06124225039912 70.04377453429579 70.02668224735147 70.01011326459758 69.99999999999999 70.42902374670184 70.69897279345513 71.06248093104485 71.4050878408136 71.7300698942926 72.06584041875632 72.37201330031034 72.86206024049287 73.0945905661706 73.40298721348677 73.87877338372063 74.16575889271051 74.59847683093516 75.09380385733276 75.63498097301554 76.2378385441194 76.9221350880685 77.64692150650343 78.38888079258287 78.52526439673913 78.78031819360415 79.24073380892385 80.01705223120103 80.0 80.0 80.00000000000001 80.07055403715171 80.20641337900435
-9999 -9999 -9999 74.11558959022011 70.34904960692727 70.18276041729575 70.14483973112347 70.11794333592066 70.09673702485111 70.07868974250299 70.06246226058899 70.04730083671866 70.03279815246614 70.01883617996471 70.00572173227432 70.0 70.08878063802106 70.60000000000001 71.07214710654407 71.42551214212973 71.74858961138895 72.03417191217937 72.17662246928846 72.38740957983369 72.78774917946619 73.22726593067833 73.6804751502388 74.16921294643797 74.68238876255089 75.23062433507955 75.8306844186836 76.49998226128876 77.26592816230493 77.94186339137646 78.40744582380408 78.90835290778598 78.49999550663682 79.69858625591527 79.67175171213796 80.00311591386803 80.03997427441861 80.0467098009675 79.99999999999999 80.1906875998208
-9999 -9999 -9999 72.07653785886279 70.1876971600834 70.13681032836568 70.10866960217518 70.08887849227733 70.0728057982152 70.05866954722167 70.04588025177782 70.03383927511042 70.0222731793665 70.01124280153822 70.00120493182966 70.0 70.0 70.89387040280211 71.15596745027126 71.42749332305011 71.7023992458517 71.97321410292926 72.23455679600309 72.5174530784073 72.80912294180764 74.19688223640655 73.49150809646302 74.84912602926005 75.44126924279921 75.99285891457666 76.8267556976144 77.39233033938002 77.74987462486537 78.05456113138686 78.94454645957342 79.13486924913913 79.38645300143547 79.00865060473326 79.66738326923078 79.82291324080579 79.98868426722888 80.01918226803777 79.99253575404754 81.14241936715078
