output/laplace.asc
NCOLS 250
NROWS 250
XLLCORNER 2.0
YLLCORNER 3.0
CELLSIZE 1.0
NODATA_VALUE -9999
[rows 190 to 208 of 250, columns 176 to 219 of 250]
130.2843441740337 130.41203920343446 129.88022557606695 129.73669656213593 129.48284893127902 129.2307579014982 129.4096043517247 129.265919797317 129.13294497484898 128.96520946167786 128.45285045776424 128.14753835284162 128.16327635598918 127.20275350380668 126.84509701923076 126.57773225757154 126.31822788652148 126.26855020927805 126.17592919666185 126.03602875641245 125.84760829202709 125.61206947670779 125.27585525642047 124.9207827402875 124.56446604568339 124.21691420600102 123.88858054029134 123.58029108000001 123.29170425742575 123.7705848903243 123.6952015069233 123.39364815023713 122.19539060769786 121.3493297958261 120.72881133984994 121.61329679874686 121.32168381232849 121.04297875688204 120.76365708852492 120.48035714567204 120.19223988630017 119.8856311499605 119.5568623451675 119.2025547954535
130.0417987093181 130.18700584332208 130.2135893892796 129.19873125794308 128.70704702179336 128.4101252828077 128.33066979358523 128.2852265401121 128.26415691361805 128.33903896833596 128.49973710754745 129.65096880261925 129.07209385946138 128.61967705094509 126.94975106407324 127.19331575041497 128.94830645114075 127.00664398266643 126.44743835645257 125.80610339923079 125.44181980743093 125.07643132391725 124.72010700553076 124.38663092980741 124.11537778326631 123.90508243165262 123.79310832007756 123.75212475390121 123.45600438356166 122.93267163127616 122.52737966368775 122.23116280093294 122.03164698191001 121.79372569393217 121.34212391169739 121.06949404391582 121.70249004417143 121.39856391890207 121.10118268241398 120.79846507630332 120.49564472352624 120.17233361815904 119.82486013502087 119.45027914991829
129.99999999999997 129.99999999999997 130.35458538969317 129.56085846920578 129.99049335280668 129.93004226184993 129.89011526742965 129.91108001355133 129.8598502138701 129.79455056112224 129.71697771929823 129.6316821876636 129.32874267209394 128.79321206896552 128.22181165093923 129.10982530044421 129.09262789774115 127.00081085865894 126.66319094199392 126.28239471102466 125.90354141548845 125.5170337131531 125.12364480707873 124.7739495013841 124.47752483585337 124.23662494338012 124.06170902877297 123.90824239582183 123.70365850736289 123.09928289203732 122.63653820632797 122.31885126078028 122.10771220434802 121.97569964489111 121.80295840835464 121.42618958286009 121.3587098101838 121.73689411057889 121.42639083024044 121.11135151580837 120.79739356895914 120.46005675084072 120.09509078156584 119.7016865400201
130.34217272336315 130.26721226578124 130.1438653380538 129.9298487288787 129.79086644446514 129.58140728015937 129.4029945631068 129.26507781176437 129.18034057378264 129.1492348046634 129.1542725457123 129.20286086599685 129.27535401253047 129.16899355939915 127.30638139004148 127.24433129963008 127.19542658170914 127.05120461229428 127.82085502991819 127.26590526927973 127.12432112119349 127.04764166110154 126.97707155133223 126.82975989686271 126.6849291514317 126.48326270512895 126.14234302386046 125.73534738601826 124.90558196019194 124.22197413910095 124.08547555585336 123.87107492275298 123.66018757332232 122.0512186089885 121.98750105124631 121.93264689622642 121.63526487273535 121.6095101036361 121.67215720592563 121.36744943926668 121.05311857169549 120.70089243699671 120.31007446119712 119.88298777511554
130.2076696211528 130.1503015169359 130.0680574013852 129.95180113139702 129.9843632627132 129.95637796297436 129.91520458858977 129.8668512133891 129.8202442658347 129.77749727955552 129.72851000059393 129.67194581886267 129.3900913950137 129.4078710149772 128.0051732212043 129.3543880790197 129.15588411471123 128.7320724094647 127.57972355090541 127.22052348364949 126.83186790475834 126.42259249125264 125.96318121006858 125.50534895478413 125.04992632129915 124.62302157972695 124.25965929703435 124.15652443119266 124.2527529261883 123.68937149948295 122.72267153636436 122.41572816055121 122.34861467244029 122.26762239791057 122.18551775088292 122.1064476189671 122.04199275809215 121.97588934528002 121.8359595163068 121.62965150617714 121.30299501624711 121.24062428541744 121.0904317837343 120.83256646577925
130.11556418942146 130.0769552631088 130.02542042409425 130.0 129.9879680350191 129.95861101449825 129.91063827298052 129.8743171861273 129.84190074158903 129.66383379889672 129.63666557741206 129.67386685570105 129.8323190264387 129.36706192996095 129.08696345540775 128.46168095835012 129.22931900112326 128.9107499350882 128.03752365546015 127.69976802469888 127.3223866467154 126.91120485029938 126.39090506698032 125.82456585185007 125.23900607735924 124.69010468930799 124.32264561889251 124.31312133333336 124.46351672727275 124.55080397223766 122.74957882810193 122.74619106782845 122.64867767940804 122.54232320420665 122.43979860781967 122.35309812207689 122.24486546508119 122.13427383324563 122.02810676108292 121.79078357142856 120.7694887465985 120.30528278902256 119.78798267188877 119.04140845415603
130.05555794398995 130.025745017117 130.0 130.0 129.99433127988712 129.79676385196373 129.74595880747174 129.70137305470368 129.66286159791784 129.6356008140329 129.83666162927514 129.89868876454997 129.8383285801605 129.60509528408264 129.50234669594454 128.93765107069956 128.6652111612027 128.41875562980422 128.6836106202156 128.17039881601616 127.87018047236944 127.52271132475694 126.9866479020979 126.23153311672294 125.3672473241789 124.5702395936137 124.39947714979336 124.51862677688851 124.61214365862192 124.69485834903088 124.55946987494407 124.64204990188492 124.56601985094736 123.51646833836358 123.16173541207584 122.84973185197981 122.57861481782945 122.3502480813589 122.09684481634551 121.85054388405797 121.70895567164179 121.40967051109092 121.56362778092128 121.49343659492087
130.01072583804276 130.00000000000003 130.0 129.99999999999997 130.0 129.90199914948823 129.8454418402317 129.79823183237494 129.94528429993358 129.94846869919772 130.0 129.96014498699236 129.8650880613313 129.74620487991754 129.33474478900175 129.0997275863286 128.8738583604667 128.66960361141906 128.61482795069466 128.50512536494094 128.45469178450196 128.26300761303713 127.94046826132077 127.06105246083078 124.97676454642976 124.61078654656377 126.71247210078867 126.59847843495196 126.49930126330135 126.25802504661179 125.34290787369343 124.50796374489978 123.8108964473276 123.37684708077565 123.13563968312924 122.93554978024112 122.75993310793237 122.61147734754452 123.10622906500876 122.82933682984036 121.6456795561035 121.5573011111111 119.88791063917527 118.1239267727157
130.00000000000003 129.99999999999997 130.0 130.00000000000003 130.00000000000003 129.96574570894953 129.91861313287689 130.0 130.0 130.00000000000003 130.0 129.9750830453043 129.90307914728794 129.81864870794152 129.43941511706487 129.28471064894623 129.06213389442462 128.8692863465874 128.74516802446408 128.5055254199328 128.92970525961442 128.94624489787634 129.03605324809968 128.96899656427988 127.09471227402776 126.81741880432729 126.53697162794735 126.24231564759036 125.9245784083916 125.57536150816364 125.19950353949629 124.78992323736665 124.34675949841503 123.88490668782921 123.44071142589344 123.02320415747626 122.62824660975895 122.29221647918888 122.00118614025591 121.75667070755959 121.57860411764706 121.49686155891855 121.28926798396158 119.85953198329852
130.00000000000003 130.0 129.99999999999994 130.00000000000003 130.0 129.95626229347366 130.0 130.00000000000003 130.00000000000003 130.0 130.0 130.0 129.94690904864126 129.888444355486 129.51938112966258 129.7116405450012 129.71342869194498 129.9577327272727 129.69234040296925 128.9957280769231 128.42953361823362 129.34827761992622 129.2384029901334 128.39659171882406 127.48762372540072 127.14530079535386 126.8894585307836 126.61239809650542 126.30593994766937 125.95892348256533 125.56280779087827 125.11805933976618 124.61418199137955 124.06395706281113 123.50687581511123 123.00581625569991 122.57534893778364 122.2137444387028 121.9126810802073 121.66741624588919 121.50040557702084 121.425530397351 121.29499973871734 120.71250763169418
129.99999999999997 129.99999999999997 130.0 130.00000000000003 130.0 129.97389742085022 129.95248883074407 129.94596082260864 129.92146154677306 129.9064263424137 129.88176079310756 129.89668197266948 129.99222644763051 129.9502000781257 129.91018570450404 129.54651818747962 129.27882692371531 128.87570264390737 128.79276384132547 129.21454736807604 128.74719613636364 128.35695714925708 128.01710120829497 128.43644842431436 127.79041385930243 127.19943776846135 127.28521428660397 127.03566368024538 126.75259796663848 126.42331921609716 126.02216745948287 125.54923348707845 124.9888318593683 124.32667029581259 123.61850896289627 122.97647145332513 122.48148137236866 122.08817613490417 121.79049782593411 123.27082227627795 122.93099552080669 122.5293163156855 121.99705680550076 121.21749539495595
129.99999999999997 130.0 130.0 130.0 130.0 129.98851014930494 129.96752371763 129.95334955092684 129.94233309389014 129.93470735655387 129.91559806607472 129.9028295507915 129.8916627908849 129.882364354418 129.87679647572304 129.88282016087157 129.92461302557564 129.5162898660169 129.7581290357895 129.38679052218825 128.97778927321784 128.61335266076534 129.11273836942706 128.54235006710914 128.00781967115267 127.48038290944301 126.97497123396346 127.35485029198524 127.09605669259902 126.81770971601715 126.49468835023222 125.34219625968517 125.38058728257195 125.00028316402201 124.64267859277979 124.28105734691994 124.27018771580781 124.007931501574 123.69484833144838 123.3653188777274 123.01219477520164 122.60442737383364 122.12507425133897 121.50919603881066
129.99999999999997 130.00000000000003 130.00000000000003 130.0 130.0 130.0 129.98128816329185 129.97033653515575 129.96268947664848 129.95547190862553 129.95041201220192 129.94729831809812 129.9468549354358 129.92646136454053 129.93216825507312 129.95051483305014 130.0 129.78094891450286 129.84964019545745 129.54851839618897 129.18392872974297 128.84167189778455 129.1282334558882 128.6409302342989 128.1494514349791 127.66188712298896 127.18431425493777 126.75872711875515 127.40656457329392 125.53064863874967 125.39019075298218 125.2480985274064 125.29832471301175 125.22721044058092 124.89018790120662 124.53849096360395 124.37046100653289 121.81985579534606 121.59240910660974 121.51683876047039 121.44880543476566 121.37286085146286 121.29209683387859 121.19864251216339
130.00000000000003 130.0 129.99999999999997 130.0 130.0 130.0 129.99746740011767 129.98616029095376 129.97793736898234 129.9726250535914 129.96736945455322 129.96477510487912 129.96570411962728 129.95879750057853 129.96815485588237 129.98893480713528 130.0 129.94623907420424 129.89000990355837 129.71153161113614 129.3772463786618 129.50837942615124 129.16996570681013 128.72130578983501 128.2625057551072 127.805910491211 127.34725733049082 126.93415953082996 126.56880547125373 127.48733149709685 125.51286084159457 125.37475895160118 125.25741134118981 125.12698029991874 125.05919044660817 124.82241755708822 121.9484639682203 121.78570386575466 121.71533288489685 121.6278343959778 121.52996111559979 121.42590121600331 121.339869766308 121.24595602008804
130.00000000000003 130.0 129.99999999999997 130.00000000000003 130.0 130.00000000000003 130.0 129.9986711859409 129.99278919323405 129.987029481205 129.98320733653435 129.97891729430305 129.9791586754427 129.98365473763738 129.99441503111964 130.00000000000003 130.0 130.0 129.91641043481533 129.84812938470384 129.56357823600717 129.53321834605205 129.20569336850554 128.79961124465984 128.36697244430215 127.92006297240579 127.48175704824583 127.08234506159675 126.72186947255192 126.38603844718945 127.39874805034879 125.75773045212902 125.49999394893992 125.28610800542434 125.11856875331664 123.11339038371747 122.27150826053504 124.37796369120151 123.82878140617915 123.44142747337402 123.03043150760286 122.59304719133138 122.13776496580948 121.69832480309962
129.99798487951296 129.99903277786512 130.0 130.0 130.0 130.0 130.0 130.00000000000003 129.99999999999997 129.99815793075908 129.9951515084402 129.99492401440213 129.99757232136164 130.0 130.0 130.0 130.0 130.0 130.0 129.96324405131108 129.8535300240527 129.5678029629229 129.24648240610256 128.87930396539784 128.89595684751077 128.69724726358382 128.508645667079 128.29016371690372 128.01553419880932 127.73180850711688 127.43789383828434 127.13100087100514 126.80433922764595 126.4386085516984 125.85037372984212 124.25664805847772 124.64287974219417 122.46275365188455 124.1909741875648 123.94802734441728 123.70919649434519 123.47259489114533 123.23506106710782 122.92696048633509
129.99418282207557 129.99527665990146 129.99732444021802 130.0 130.0 130.0 130.0 130.0 130.0 130.00000000000003 130.00000000000003 130.0 130.0 130.0 130.0 129.99999999999997 130.0 130.0 129.99999999999997 130.0 128.518637956329 127.90666576054481 127.59607221293858 127.34448132073851 127.10215824893785 126.86975987020142 126.64014833833299 126.40041817372223 126.17067576590449 125.95103061423035 125.74215242055642 125.54534218192393 125.36271963614375 125.19753051643725 125.70205096039065 124.60632340402867 123.5549691719557 124.38515034395002 122.5194748024934 123.97986446872494 123.73903312116421 123.49192237861094 123.23202427257706 122.76964655664148
129.9900171137473 129.99125009486838 129.99357496207185 129.99701805081537 130.0 130.0 130.0 130.0 130.0 130.0 130.0 129.99999999999997 130.0 130.0 130.0 130.0 130.0 130.0 130.0 129.98068394604445 129.09106311487545 129.7245580523509 129.51040576852418 129.31787837426 129.1435642241705 128.962210966455 128.6869018942612 128.40143562468378 128.10585708288482 127.79949190810264 127.48070796377786 127.14626502125384 126.78969421120077 126.29810513788973 125.64883367901707 124.77266328420671 123.93491374057909 124.47134338561422 123.98118100802611 122.52398260029064 123.72757116966842 123.46196182438021 123.13709859937678 122.63702109892068
129.9855014677534 129.98694149132388 129.98960764162243 129.99358064357276 129.99892582149096 129.99999999999997 130.0 129.99999999999997 130.0 130.00000000000003 130.0 130.0 129.99768789450096 129.99624284332754 129.9960498315469 129.99738391206083 129.99999999999997 130.00000000000003 130.0 129.83527332379904 129.81340300464868 129.3151763031906 128.20992049743518 129.3776958814475 129.19756117935822 128.98214830791696 128.7187524009019 128.43252451543984 128.1283317754498 127.8129692277595 127.48494708297316 127.11132993412744 126.6902981483583 126.20858508186782 125.58461035659248 124.87660205864931 124.18550321534933 123.61768132457068 124.22315206191772 123.55019731374468 122.51245925725016 123.35079147727274 122.96924932712282 122.45267533134283
