output/laplace.asc
NCOLS 250
NROWS 250
XLLCORNER 2.0
YLLCORNER 3.0
CELLSIZE 1.0
NODATA_VALUE -9999
[rows 76 to 94 of 250, columns 88 to 131 of 250]
127.76365605117856 127.62257396322777 127.3325045983433 127.0092634732758 127.64616027931427 127.84668521730953 127.97265453800875 126.42913982389265 125.50107826697243 125.31792459670025 125.18038143751275 125.09253832441036 125.08097400338774 125.12094520536756 125.36196446539905 125.37063566315612 125.26640287856056 124.9861726894119 124.53229326418553 123.68120476769626 122.60613917684913 121.44181248831761 120.2691803152394 119.14771751467127 118.11366415281607 117.1925878408095 116.37438634472464 119.34065579964025 118.57140387020785 117.5750025845737 115.9385028761084 114.09826132345947 113.14475057199856 112.27485988802093 111.29948257471403 110.22506444041002 109.06738233196387 107.84909851156893 106.59137883667633 105.33457398722483 103.76441072211863 102.68059914270772 102.14177711698431 100.90075871810197
128.05784965505734 127.95722410214246 127.790330154957 127.53873443479529 126.24781673664853 128.39420955245927 128.50119441452767 127.72461945211222 126.8888410098071 125.46113847466223 125.30596470445533 125.19766356087638 125.13966312791858 125.15652075564806 125.23496481944275 125.37318305542061 123.4936962962006 122.07345282681226 124.56212672281846 123.80080605417997 122.86708703139315 121.8353220599828 120.76789128998814 119.71520275085022 118.71251775839961 117.7807754039154 116.92971544521686 116.16176974105818 118.24796059255395 117.17283671276552 115.66451578663711 114.07007408656611 113.380569170121 112.53255709479112 111.56295010062222 110.46842457389953 109.26166740055025 107.97135070244303 106.62092303704432 105.31179394960091 104.08374698603501 102.97856430508483 102.12303353915219 101.01684764354111
124.97530330883724 126.01557200737305 126.4286721915739 126.70358417162612 128.83325898301493 128.81527951352618 128.71456781155706 128.1826411333546 127.61279031592622 127.21136942547473 127.02169487676102 126.81276554818113 126.5876445435212 126.35451761533217 126.14528017913098 125.73998928688641 125.33708572291498 123.20721728704666 124.62573945149997 123.95624985316269 123.1182490002036 122.17896247540642 121.18898660260452 120.19133413117292 119.21841064912878 118.29168109966291 117.42325959124285 116.61893597393191 115.88515549043765 115.08327900303068 115.5217186439777 114.0892573213287 113.65510041868782 112.8567782494529 111.90315205700095 110.79252183134561 109.53286025431574 108.09316241135299 106.65648341564099 105.28764431665915 104.03007646825928 102.90572883205148 101.97835666270701 98.50088291906849
126.25132728778307 126.88035307773903 127.27153311180653 127.4421439821516 129.26279024821093 129.18992692582844 128.94189444318965 128.56021007153555 128.15475150677597 127.70129160554563 127.61248781928661 127.4072311997976 127.18853512684493 126.96571696474231 126.64596910606518 125.95395526125942 125.53155747122672 124.45864251928786 122.9270497958503 124.12195293696338 123.37039362681159 122.49778663144845 121.56547995087627 120.61086915061968 119.66327745280007 118.74321758453766 117.86312157169546 117.02923331323917 116.24677514306973 115.4092247632398 114.48188473004569 114.13538637143903 114.00699217199843 113.26929516542302 112.34889600112257 111.23168116802198 109.87448845059552 108.2747857294636 106.70877886537838 105.24561287168869 103.90926614342335 102.71939284205091 101.76266378363361 100.09670396539859
129.3427092351738 127.97362285385884 128.18693367739598 129.76452688671458 129.6713363350217 129.59920696150215 129.29395539889424 128.95043485089397 128.57639135060276 128.18465299827741 128.17739573666012 127.97061844587992 127.71593047442526 127.39852368718444 126.9992757824362 126.41079381887415 124.91489470791548 124.50401994389043 123.5498122191869 124.30470229975747 123.72710139184368 122.98399028749935 122.14612848616692 121.22234873987875 120.20933758139883 119.10317474802953 117.90588519920927 116.65069264105112 115.95832868581863 115.73869474971579 115.31937202159756 114.91406186483479 114.44710279199191 113.76876988972543 112.91445786661055 111.84543890408577 110.37707228157647 108.55840498647528 106.79194291969233 105.17823993481632 103.72692613030935 102.46156065478331 102.93514321266969 100.61034826379519
130.0949284418005 130.2861129069079 130.28551532174444 130.21567750520057 130.15575171606764 129.95108342188928 129.68075671098882 129.35754411612135 128.99655627894737 128.83860929557738 128.64684818328743 128.41502746108335 128.13367076774364 127.7908166759836 127.37169889133754 126.92837569249755 125.10805708524998 124.7019707337024 124.26745933197935 123.27492892737855 123.98778343670594 123.36073637421585 122.54874886708485 121.62459622484909 120.5791003314573 119.39681844824183 118.06219099231757 116.60658752345476 115.95375694702358 115.61416703557313 110.43333070258527 109.63610231695449 109.01320366382231 108.36485186803384 107.70956680738367 107.05054164264776 106.37888116513975 107.26585589677799 107.8424636663261 106.82143074672098 105.61052324557085 104.27268125217303 102.57644318509962 100.86353639142767
130.41803122786916 130.10496313273538 130.7086005926383 130.64788644554392 130.5319218961313 130.33801522082672 130.07890681179452 129.64868599537218 129.50010888211185 129.32235828839146 129.1099078954297 128.8559573020094 128.5523316935163 128.1894830220535 127.75671671021968 127.58003060314904 125.35677131254994 124.96125380721561 124.53579234349134 124.05911147994185 123.05975821700183 123.7086880772351 122.9811071640663 122.08156654219124 121.01490199168651 119.73789337324993 118.17481170547417 116.4792610992222 115.89972961623714 115.68900086590038 113.1045745787034 115.6565517672617 115.17484578206357 114.65325720846744 114.00785937693043 113.17013343607624 112.06411922494429 109.9339560059509 107.27196642317197 104.88507156073177 103.0700156964748 102.2716643325527 102.38047108822894 101.04486005163513
131.11195414327278 131.09685722386905 131.08990112972492 131.0505155028597 130.93043960676914 130.73892828256666 130.29986596306009 130.16148468699694 129.99669963185283 129.80120879513566 129.56980439370716 129.29636400937738 128.9739122040218 128.59481756965982 128.15121815270405 128.3813516151928 125.69493034735022 125.29710990001003 124.8584617885723 124.39527755903742 123.87375409310648 122.90475642121554 123.46832814718861 122.64214876594555 121.58039446860508 120.1798606686012 118.0954473001339 116.17777103708275 115.687753973466 115.32872545290691 114.63593149659864 112.2946182482087 115.78973830972647 115.29908520174257 114.65855524606687 113.96274294881003 113.09142348307779 111.94253595506471 108.51646762103299 104.04194339020506 103.47974301884929 103.50792693188919 102.36623728019494 103.69328191775588
131.5374995689554 131.50559618482797 131.52755613402633 131.4724964102426 131.05872363892942 130.95159084082755 130.82291852132926 130.67007175571413 130.48965872554018 130.27755390164603 130.0289279143946 129.73831758068255 129.39977619034505 129.007154821372 128.55457627502975 129.25807451231597 126.10428816787294 125.68769977341461 125.24246454732112 124.76660624018565 124.26760286190637 123.51053263640594 123.9450697895359 123.36958822713552 122.52624990642705 121.1111905353493 116.38906661388052 115.58642333333334 115.55633083333333 115.04350772876504 114.39381019685051 113.73614956721254 116.09066296296298 115.68343997925028 115.24050550770187 114.50654036715892 113.44614229360643 112.13695801254099 109.59990896877335 105.8823511764706 105.277775 103.03174285714287 101.70451181951812 103.48887981132077
132.23069007918352 131.9892749772307 131.78241589999965 131.70134983077995 131.60222601551544 131.48418667377447 131.3430498988921 131.17610795269457 130.9808373001507 130.753329827462 130.48913741093986 130.1833898927819 129.83098935435018 129.42691811355755 128.96669902409883 130.12128132016645 126.56682902689492 126.14291478163675 125.68397089548223 125.19577625931215 124.67973715800551 124.12623488718285 123.38298336973806 124.1082099137966 124.06526108108108 121.29947438455869 120.63626095037844 117.60748134275617 119.28371426459144 117.8894544123481 116.30602071068326 114.60419202965903 112.90432771661823 115.64693470816573 114.82014659730953 113.79720164620157 112.54156403619602 110.80698924384068 106.82786259694562 105.65871568865875 105.744444 102.68044083724568 101.73413348056536 100.94031756709096
130.5320291696814 131.28717439915079 131.2101873936142 131.0279810241042 130.8032550917376 130.55259522618593 130.28268627209556 129.9968810298826 129.7068746932965 129.41364105100462 129.10810714681662 128.79008823508693 128.4590553497362 128.11416585298565 127.76031838411357 127.4076123457742 127.03297519927763 126.6331631077424 126.18472603566359 125.68870956086823 125.16048631095926 124.60525449115288 124.00083443222108 120.85659305313762 120.02894218044757 119.68978160593508 118.76574000260081 117.98953343804772 117.46717391978609 117.99209062783343 116.60588828151025 115.1784319745223 113.68939128567828 112.22392693987649 114.40546097078625 113.25615297952879 111.93235731074972 108.17097077471482 106.85607538520972 105.6544678878042 104.64168389812889 104.3521122057202 103.2597291740081 101.9863805514032
133.46698265538012 132.6006460287676 132.2484827251309 131.9459542819919 131.6501398164647 131.35026586346876 131.04265537506876 130.72584312638648 130.39916822810318 130.06827082494453 129.73633947783375 129.39453783798857 129.0416936890809 128.6765303182918 128.314345294434 127.93914433572246 127.52508750825933 127.09360754547711 126.6413365713749 126.1650766860089 125.65348261040386 125.03247047583784 124.36565043533808 121.93352109772758 123.18017625225399 122.16666024218601 120.7562752599989 120.6769997772768 119.91642644905527 118.9332168852712 117.7087879594201 116.03746797319945 113.96603451269469 112.17568430526696 110.67393694402067 109.44843413192439 108.54616745957537 107.6957613369399 108.63741718168464 108.0240430963604 106.78530665184992 104.684185754717 103.92949427712469 103.04040787799477
135.46202305678614 133.97340452924288 133.42422904897347 133.35616550507905 133.29103861144756 133.22859702999872 133.1691869660143 133.11338201698385 133.06191579912112 133.0157070302937 132.97305767626008 132.9376489900328 132.91284175805467 132.90029094505212 132.83624910266127 132.73263934334088 132.64767473546218 132.59050998823957 132.5834419603314 131.75199109953704 130.7044528912846 129.44729583716773 127.04569876264267 124.11902879509812 123.71535876975817 122.77565170543873 121.99290003283681 121.11514097250729 120.18267147139903 119.24233582257793 118.14073620362427 116.74969155667658 114.41007940203168 112.22769245521164 110.60282752980658 109.4829907635064 108.72476690433126 107.89149953466925 108.84377555374498 108.19631605398403 106.92557690437602 105.32623648648648 103.61814548583277 103.12441477243749
136.01047476862934 135.23644268617687 134.43706691517602 133.81885787217985 133.36632940429456 132.9671906855848 132.58758623252047 132.21378571283248 131.83917260049995 131.4601569628507 133.66937394194463 133.66444140903164 133.6760481757702 133.61188058318547 133.51625531544795 133.43994688578968 133.390563355709 133.19088130347077 132.39823346093797 131.52926709427396 130.54030087914305 129.33856489386787 127.39011002967715 125.19575654703783 122.61606972332584 123.53377270029918 122.6124660059738 121.6104921551512 120.66973101782489 119.65807188456354 118.46174566641606 117.29409975649841 115.21827376853336 112.15337425316211 110.4059284420227 109.62273759230547 109.01827225730108 108.26950574765992 108.95928709733364 108.29529957293151 107.0548690016931 105.62289666666666 104.22589690909088 103.08029245407748
136.40871468280739 135.95635515826729 135.3635866547282 134.80080470127095 134.28104093973167 133.81270588804628 133.38868617953133 132.98278060503515 132.58299430265274 132.18307262633553 131.77953809070522 131.3729578880658 130.93589453628326 130.47131938353894 134.15574373671708 134.09793240701143 133.92681113062403 133.2153303282309 132.45593616941036 131.6128629111837 130.67511705919196 129.55439185141248 127.94409643047312 125.95314849256035 123.57584424737883 124.27008943379515 123.38973539276635 122.40808803278179 121.34482710451196 120.09959681101684 118.63080341509031 117.78271025424063 116.42434553895374 111.69152764023696 110.93816421790272 110.2292545474321 109.64753912880902 110.35432417243801 109.50563411631785 108.47838637585333 107.47159394370237 106.1996674459988 107.60673052550031 103.98741450317237
136.74848237159185 136.4624113459451 136.06314709018721 135.573432117912 135.08337698221408 134.62234762795995 134.18019251180922 133.75009415255712 133.3272239824688 132.9079868355739 132.4895802554712 132.05412504819364 131.5621043703286 131.07591824847168 130.59228679288518 130.10819122488587 129.4990204107678 128.88233844216327 132.65986297727656 131.84522026507216 130.9523047925431 129.90800652496142 128.48656646838643 126.5706869298593 124.38605354059766 122.66061705771071 124.26187896990412 123.34284423238906 122.29590007724924 121.0870699374914 119.65202511358898 117.87078626316917 115.87279980671417 114.55840846153848 113.26395135299221 111.58904048703872 110.90589108465235 110.626240528396 109.82440826942589 109.85911104376858 107.8593972214467 107.00277153690149 106.07256920044135 105.0026266219327
137.06278632267794 136.90782241919663 136.60044964966505 136.22742560508897 135.80764877429925 135.35536819644403 134.91420595879703 134.48042808207725 134.0510125922069 133.62349541048098 133.19583450625706 132.70587504068524 132.1940149032084 131.68828601919444 131.18605925532208 130.61993074795254 129.99589027575226 129.36689722422932 128.72797681460966 132.16328853475125 131.3078901458583 130.32927095157987 128.98603462867615 127.11337234545617 125.09711799289536 123.4229604374835 121.99567219083457 124.41079741036069 123.49905172597657 122.46233550075529 121.22087714196824 119.66226326622446 117.2982016129823 113.55555799999999 112.32956124399873 111.92234363449339 111.41281267187794 110.85158668822572 107.91679763108033 105.82490342245498 105.09027169653089 104.46796035478224 103.89382969284136 103.46643347363326
137.37421572807733 137.31814744767036 137.08853421817358 136.7767551288252 136.41723665618576 136.0282399520118 135.61904590271283 135.18945956076544 134.75997585063814 134.32949268600706 133.89383763290326 133.3578113907351 132.82846545168456 132.30196881615245 131.78140472344683 131.1547035892915 130.52326543211444 129.8841847138237 133.29743754244507 132.534836692829 131.71085640835304 130.7549228806121 129.44521983414074 127.61099085325424 125.73947282311016 124.12824099556363 122.73049281323316 121.48832796746917 124.43167525605732 123.45186989976231 122.40278498145399 117.73708769115626 116.3461657505003 116.37944390290802 116.43686598025386 116.32489182851324 115.07194481400805 112.75618066798833 110.58782442595822 108.63658392000794 106.88854995617002 105.66926764511943 104.96707677819974 104.35540861310746
137.72001754415297 137.70137928987617 137.54342296746267 137.28624251547075 136.9544513297431 136.58751187115797 136.20338266569686 135.81190515871265 135.41920044477814 135.00945373273188 134.54385389287188 133.99444439577627 133.45010796408502 132.9122880665823 132.35299090673456 131.71585759905142 131.076903769515 130.4300376304697 133.68071184225664 132.94098330411217 132.14366265735262 131.07876697623257 129.8554989542154 128.06976944209921 126.33285675856253 124.83530396193697 123.48038752292385 122.23634066707334 125.31605408224522 124.4447394951985 123.60037812074707 122.115099851352 120.49423268242177 117.65929516096064 114.8541452320745 116.55785353439681 115.360195870799 113.73907116289853 112.04571404954524 110.38194712351114 108.8032678994282 107.34132493039006 106.21909061454959 105.43168452693105
