output/laplace.asc
NCOLS 250
NROWS 250
XLLCORNER 2.0
YLLCORNER 3.0
CELLSIZE 1.0
NODATA_VALUE -9999
[rows 0 to 18 of 250, columns 176 to 219 of 250]
40.51198950806897 40.284839227762205 40.07729218309863 39.88789263781663 39.71597713561363 39.5621143665853 39.42934651922763 39.32721167381791 39.28940665362456 39.31897564167929 39.06731962242544 38.71542763437503 38.42878454800382 38.198570253482835 37.997072633222196 37.891926936785 37.819800257037414 37.754725687767056 37.695034507483065 37.639637774175654 37.587773573099376 37.538875697903606 37.492499441918056 37.44827579207202 37.40587968713677 37.36500383423379 37.324888762363905 37.28460918652806 37.24518790231724 37.205801437069994 37.164822645458635 42.948447465038115 37.748092366321686 37.1376153356606 36.4854009716926 35.90681709438925 35.92741507523358 35.90519123292608 35.67242295964945 35.302115495717864 34.52644044679603 33.60224338724318 33.101934793051036 32.732615076073266
50.78091067211338 50.26347590068224 49.74626962483535 44.498993867188645 44.21527278258005 43.94792279619909 43.69634885042421 43.46199442707106 43.25763665496616 43.16907710706702 42.77138619436098 42.141653376503946 41.82205355148227 41.61562039344866 41.42786865752471 41.253155135953 41.0882966561911 44.799522731407585 43.26529107502594 39.488629915335714 38.72761112245355 37.99861100404221 37.307091748972745 36.6625858922781 36.6946778569568 36.76944326864848 36.86434031672988 37.01370352712378 37.106927011464755 37.10995329585883 37.10780904284272 37.09854226870997 36.848287288066516 36.409261712938104 36.26008106137101 36.1702845750427 36.08184005668095 36.33584073729492 36.081249282281256 35.6046778 35.42868847747747 35.25592556237441 35.09763135747641 34.9409916175433
50.48903107838858 49.84244127466647 49.19879593767898 48.557450912089806 47.9178628966442 47.27956410646791 46.64213436284462 46.00514960520872 54.424636857242874 44.73203691644671 42.21997463255433 40.04653959920185 44.13983715444539 44.08485863022514 44.02292599945933 43.948314605237684 43.87531813194553 43.78982906038079 43.689437058038905 43.5712020877439 43.4315077719365 43.265876727662075 43.06900795368222 42.83517291071915 42.55416465382888 42.21470036763589 41.802538856601345 41.33373862686692 40.753102988975826 40.021761023045855 39.12851529581662 38.08108188001991 37.25949853831982 36.819394109339115 36.56058858118545 36.393519575423106 36.649974060922666 36.2086499591468 35.92996353470321 35.81205802315023 35.77489479572629 35.37408768584876 34.95476163631585 35.74293121138128
50.70760814531702 50.04226377138298 49.380479158304176 48.72166284436349 48.06533264073656 55.03375697888721 46.513589129190024 45.85184417862902 45.18871338797098 44.46753482083471 43.86965269825805 44.06954856506025 43.60484281228978 40.25974331735617 43.67891802883741 43.54423184615822 43.39688584172571 43.26065412185469 43.10600984106574 42.93006456818654 42.729554295515115 42.500780862983106 42.24186853876149 41.9468024504613 41.6094466277672 41.22397848239606 40.784410289453604 40.311368875024286 39.77397832000892 39.168396751853436 38.516273551913734 37.868143875 37.398122614599686 37.051071459799 36.78709713468635 36.59144256122372 36.209372342525675 36.09721866561348 36.01747444244427 36.107676728069585 35.94061093503009 35.700548197437136 35.40781129315358 35.10089694661072
50.8426171540236 50.1723332333303 55.62754793669738 48.5281603882257 47.8229534757387 47.133246944440266 46.46080493211323 45.7549902364289 44.98673280881123 44.469994254123804 44.355817560365026 44.20282566138323 43.69472444862173 43.276521978984036 42.853312722197636 40.118538744912 43.01905032409607 42.82655376517247 42.632680539872894 42.41739528145236 42.178267133787195 41.91283659988082 41.62313047459613 41.30243941823058 40.948342411053844 40.55880340527898 40.1325370806606 39.69120219890938 39.22021906715 38.71703961308832 38.214758374138334 37.800296911764704 37.47510145580809 37.193777055923796 36.54753248612133 36.33077947130602 36.21562623060709 36.15295798757315 36.12868667432719 35.4723304676002 35.48810050061382 35.39244331329661 35.27011292195386 35.13725956988048
50.76860018593537 49.98366798550862 49.21404631120721 48.45940101036282 53.16527496867865 48.57400852877382 47.773541298302504 46.89476735269551 45.88227706036179 44.823284039082175 43.95926696976703 43.524043711368506 42.492182705019985 43.68807579080192 42.87116083560294 42.398596266657286 41.92967974990764 41.48896378310185 39.68574317672439 42.004060136285005 41.7383088565149 41.446943932313054 41.142331530651994 40.813515370884645 40.46001456243386 40.08193275719082 39.680170262827986 39.27618682241215 38.85634118312089 38.427526169880515 38.03291507142857 37.76328947727273 37.183660268292684 37.177363382834656 36.41571233120584 36.4182293506095 36.39286506829565 36.35330974124691 36.304257148771235 36.41032329977613 36.321085076427245 35.749816851415595 35.51476604983742 35.28654049293517
50.94777117320896 50.1152128157706 49.27090893720012 48.39327657096893 47.54807181298249 46.73260483255567 46.00016160154659 45.37102043086269 44.97703512927317 45.880667333921565 44.966474339841305 44.47217446812958 43.942576665141104 43.415245023872785 42.885627386004415 42.35179356880825 41.83179548843777 41.37455552434844 41.014049594571496 40.67423468150609 39.56494825013649 41.10045728385667 40.77377727048797 40.43121953056832 40.086709177422165 39.72623444813006 39.354388467076376 38.980644407003105 38.57420593098319 38.194294471357175 37.28790938987942 37.33194208780037 37.33262699745838 37.311069110355966 37.31457764264328 37.42683999803903 37.57043908643985 37.69150752651258 37.79320021612864 36.32276748329687 36.11581736582593 35.89126709539246 35.64594455635495 35.40556842309624
54.535059219059185 52.05819358040791 51.36489972120185 50.660842615718686 49.93766851262596 49.18970925536456 48.4102573243643 47.507231893200455 46.19401648720636 44.765111324394134 43.559174595744686 43.22457854902583 43.079378352001164 43.72355323176438 43.50754295784324 43.21815862381265 42.90693579293883 42.60732689477321 42.31378324490264 41.966480773229215 41.59374930391635 41.19805021198646 40.755585838098696 40.23102831686177 39.69055898696515 39.10788809586006 38.630768700157034 38.41738789740815 38.30754833489851 38.31817814673603 38.42190701313591 38.42506220976811 38.463402950756 38.12937315407575 37.70392827937258 37.753369046757385 37.77291191328076 37.85797892965176 37.816555772388554 36.47683039353142 36.262254464819435 36.0264527335939 35.784290527211375 35.529231850337545
52.99386690296176 52.31341571790197 51.628193789807014 50.9333197064631 50.22183503729178 49.4832440217287 48.734660992156854 47.89766337580341 46.449046123077466 44.45854074021661 43.30169446153846 43.06600779421688 42.798543235415316 42.63870369508557 43.31585279124303 43.1837335917284 42.89930226776618 42.66947324024487 42.450030923892335 42.205093773299836 41.871039510809176 41.48266548142802 41.056414027779454 40.57976566025191 39.82263037507035 38.955279679976506 38.804803801607854 38.3171943 38.271106265910525 38.17348521021932 38.34960771371516 38.09801034921348 37.894511463863225 37.707122520125665 37.91429610754191 38.00547631998272 37.96675337602142 37.989121499342446 37.91338499449142 37.5776337661839 36.421088992399355 36.17445623428786 35.92684618422599 35.65714184326074
53.19510605948487 52.51828601960176 51.836891768761134 51.150408457477205 50.4519845045661 49.73213521962766 48.99743441783989 48.31618628791239 47.32641949363118 43.30169446153846 42.911321354838705 42.80775297959184 42.694330596002835 42.71485193832974 43.00743818204565 41.892370976523296 41.30014818075331 40.985619709343325 40.705599613785544 40.42493053200802 40.1688687838567 39.937599061762356 39.733918223120014 39.55514380648794 39.78343863868052 39.37764457250442 39.116339630225085 38.771914458132194 38.46676913003917 38.33434575316476 38.22766976918076 38.381376729492736 38.17161517836436 37.97700880968551 38.10178184527533 38.18493602456244 38.13652307105208 38.106271344705576 38.03239779676234 37.75552157379574 36.60664403689755 36.35187994477343 36.08155253941608 35.78992202530933
50.00644146953901 49.32440644878958 48.74360611842694 48.21705727864398 47.72086424059101 47.244099447725816 46.78757370328441 46.53200796674658 46.11919289309822 44.5831337345672 45.93405154758193 44.117567728853544 45.59306684277368 42.47068501143863 42.26326711123518 41.32004050072613 40.991931567581524 40.71938977438386 40.47262158244075 40.24219973072783 40.024834458896315 39.820045984300286 39.62800401919426 40.19391020552395 39.668125063963316 39.40953387078124 39.1921152035598 39.00811493745961 38.81094462258446 38.59885892008674 38.45651680727724 38.345053782245714 38.41481758724726 38.223422812394105 38.04050825203678 37.070487849974896 36.94095533708448 36.86651900130753 36.83339723052611 36.71708461546807 36.602223461125895 36.48626827304208 37.05712494554587 37.08861347857657
51.06573038026565 50.25860981373026 49.56278948270937 48.930339290965584 48.33482700308064 47.764772500183 47.24156350887587 46.85626746266852 45.29101263912631 44.827793655148945 44.278503695501726 43.418946176109046 42.85619335645061 42.518532075861586 41.38981418438115 42.24392683284682 42.15040770151737 42.031916828365375 41.887796801489905 41.710532985006324 40.36361416891864 40.10130809095336 39.89456521992136 40.07678824114052 39.743093546979104 39.48547336065752 39.29878675552711 39.14312997688823 38.98147977482385 38.82066573499263 38.66236018785265 38.5518752232175 38.60793267749939 38.44913595121951 38.2680691263718 38.27142622038869 38.387742459116964 38.32828839636582 38.291564055807804 38.07853866647186 37.07162256703849 36.80064013054344 36.513421359749834 36.18355749691677
51.97723158526666 51.08082938394965 50.30729116628952 49.60636064021812 48.93419657491256 48.29672008029404 47.73515335390501 45.23987094883285 44.86926985423219 44.51954583767506 44.795649712556596 43.93692348053571 43.244578310557 42.7129892734288 42.46673457890547 41.23630341944713 40.63955936419697 40.36274704221213 40.167933992609804 40.02397255051043 39.904944311254766 40.584053076429704 40.13540166509449 39.96577550155333 39.78829379090055 39.56541726922266 39.40202299947156 39.26329269826927 39.120840867537915 38.9808664005239 38.846743366904164 38.725986511784804 38.641376712294296 38.641941363758576 38.483249641221015 38.45144830234259 38.49526367939929 38.434911764435824 38.37966832094858 38.22644800853653 37.33507827322439 37.060959925521914 36.76414224154447 36.41993984629469
52.766298688311686 51.888115446949136 51.00140319536229 50.17979744735751 53.408969351817824 49.020767115679 48.43845438191189 47.81292421981745 47.135383744599906 46.38690775761841 45.52125658276325 44.62450817495785 43.754936210940606 42.965431341576625 43.09931064936859 42.42213200535884 41.737976115828225 41.15838769132954 40.75010490647595 40.42071839256503 40.20394477314245 40.04891770491542 40.139569200827474 39.980794197211765 39.81506265962297 39.63971753307713 39.502587269188844 39.37419570529702 39.248965215400446 39.121424185343436 39.000714212321625 38.890091297929615 38.80278380897501 38.731354131702744 38.68747370939943 38.617244065636264 38.59841540704621 38.53714741377904 38.465293094138076 38.363941009571654 38.16110037734977 37.345573116330655 37.041431421013876 36.68629147879409
53.289796010995346 54.54055005902473 54.13458858682054 53.49683518049351 52.532730602330176 50.8976528145312 48.58843249221399 46.98240454416062 45.64304652663768 46.1419838251164 45.356979625688226 44.59111103053355 43.86678336099118 43.208495157807086 42.8989163043315 41.94775878038426 41.287221437430105 40.796136507021835 40.486262077311174 40.3064290314091 40.165164685635844 40.270488738571146 40.13023657163972 39.98243575755465 39.836879471194145 39.72686210425578 39.59978211974796 39.47919641682093 39.36474262797649 39.25141130915663 39.13954241975937 39.037373570108365 38.95167841647725 38.88705766686612 38.83693932954874 38.79213270953756 38.71164087480678 38.63424910202813 38.54696206092797 38.45126235909587 38.30354632555067 37.65207715828294 37.35002364186054 36.98881417488005
50.393614649232354 49.676276493674564 49.02252807848756 48.49619279044135 48.12172539810739 47.76679261688964 47.25609238363418 46.739494857797354 46.255088509504695 45.32501430033507 44.38136656959129 44.825507259501535 44.115161843013745 43.8888154918815 43.0425339479713 42.184858342537495 41.527479356007355 40.974101929614946 40.41583067526189 40.23713403804796 40.35591709187807 40.23742445409128 40.108723905440065 39.97723087753837 39.86505661344361 39.791133721975136 39.69271549820115 39.57866719812053 39.4692609091709 39.36488525966553 39.2663635497342 39.519715670116916 38.956803732259345 38.92322284761605 38.91149024519762 38.58021049655018 38.74445807900188 37.9022375331286 38.66296383127235 38.550288844190604 38.40974667087466 37.968172499279184 37.69190700041495 37.33565888545757
51.980304262855014 50.53851458969708 49.67598811400244 49.016123676905664 48.462591756006326 47.96933140602375 47.45330224123527 46.90120421429364 46.380672579280784 45.87386131828217 44.941525970911066 44.17674713111322 44.330127073219096 43.926817236045565 43.15768553668086 42.4088520821192 42.50414560239268 41.60372253846155 41.241597527611816 40.542263306354336 40.16084116561371 40.21999914960841 40.11292149450057 40.03492429613664 39.96941218839391 39.92261796736725 39.884671272535286 39.84190891442526 39.79615730753433 39.75717056797292 39.7282482399807 39.71579195283684 39.721749786181704 39.67198824425639 39.51910835103199 39.22399920806301 38.90138384410029 38.64231726132118 38.175719489171826 38.55223428426553 37.95686358746134 38.3476200699216 38.04947244111212 37.73795516007777
53.35242812100836 51.489535694886264 50.43177396497252 49.60163846785828 48.90589505114274 48.2939599242703 47.73573037676793 47.15142915163434 46.59095611068362 46.05156596499644 45.51693890920259 44.605872741186836 44.51774846798164 43.98109659645766 43.281914397304035 43.08089968841964 42.920501730715564 42.90103671015884 42.852478688437195 41.962792484376806 40.79686055858767 40.283805035927244 40.040532996139845 39.877013009690856 39.734798448200486 39.60558349967193 39.485687365626795 39.408198384323036 39.37327379043316 39.335051703828704 39.29591978196627 39.259846273852524 39.21728399307622 39.15886293026237 39.56767672340277 39.382472286644315 39.0458906883146 38.94428441019881 38.61760741848613 38.354095148559026 38.522267337231746 38.353381693047055 38.14872200880237 37.926122444237876
54.07232592585863 52.37385002745254 51.128270296538396 50.192991079919665 49.39492631294746 48.68920158073478 48.04701098016758 47.448686851953205 46.84999994541909 46.27461218898086 45.71645476704701 45.16361047209202 44.41221726671001 44.05858422669515 43.795010985786554 43.73399043592965 43.675791706523924 43.5010219297858 43.16961913418549 42.55044470317035 41.83519894246993 41.1599846833059 40.620526105554816 40.27257552773037 40.05173215747628 39.873487601256805 39.715768967626474 39.57317640817895 39.4554844423396 39.41667905000159 39.37744993478151 39.34280871915687 39.29165898635974 39.23564179612765 39.6270161180996 39.47967008800233 39.2451980638237 39.01629780726557 39.02306317554078 38.604891048160084 38.494241374479635 38.61991675800757 38.213711697752956 38.194794343992
